035172.jpg 1228.161290 238.729032 79.741935 85.722581
035173.jpg 1240.122581 238.729032 83.729032 85.722581
035174.jpg 1254.077419 240.722581 85.722581 85.722581
035175.jpg 1268.032258 242.716129 87.716129 91.703226
035176.jpg 1283.980645 246.703226 93.696774 97.683871
035177.jpg 1303.916129 256.670968 97.683871 107.651613
035178.jpg 1329.832258 262.651613 101.670968 105.658065
035179.jpg 1359.735484 264.645161 109.645161 115.625806
035180.jpg 1387.645161 262.651613 119.612903 117.619355
035181.jpg 1429.509677 254.677419 119.612903 123.600000
035182.jpg 1473.367742 238.729032 133.567742 133.567742
