022504.jpg 166.500000 23.000000 45.000000 48.000000
022505.jpg 283.500000 20.000000 45.000000 51.000000
022506.jpg 409.500000 32.000000 39.000000 45.000000
022507.jpg 514.500000 47.000000 39.000000 39.000000
022508.jpg 625.500000 50.000000 39.000000 45.000000
022509.jpg 742.500000 44.000000 33.000000 48.000000
022510.jpg 856.500000 26.000000 36.000000 42.000000
022511.jpg 970.500000 5.000000 39.000000 42.000000
022512.jpg 1096.500000 5.000000 36.000000 33.000000
022513.jpg 1207.500000 2.000000 33.000000 36.000000
022514.jpg 1318.500000 8.000000 39.000000 39.000000
022515.jpg 1432.500000 14.000000 36.000000 51.000000
