032617.jpg 275.245161 127.090323 59.806452 59.806452
032618.jpg 341.032258 127.090323 59.806452 59.806452
032619.jpg 406.819355 121.109677 55.819355 63.793548
032620.jpg 464.632258 115.129032 61.800000 61.800000
032621.jpg 528.425806 113.135484 57.812903 61.800000
032622.jpg 590.225806 115.129032 59.806452 59.806452
032623.jpg 654.019355 113.135484 59.806452 67.780645
032624.jpg 715.819355 117.122581 59.806452 65.787097
032625.jpg 779.612903 121.109677 61.800000 61.800000
032626.jpg 843.406452 121.109677 61.800000 65.787097
032627.jpg 903.212903 127.090323 61.800000 65.787097
032628.jpg 969.000000 135.064516 57.812903 57.812903
032629.jpg 1026.812903 137.058065 59.806452 61.800000
032630.jpg 1086.619355 137.058065 61.800000 61.800000
032631.jpg 1150.412903 137.058065 59.806452 61.800000
032632.jpg 1210.219355 139.051613 63.793548 61.800000
032633.jpg 1268.032258 143.038710 61.800000 61.800000
032634.jpg 1333.819355 149.019355 57.812903 61.800000
032635.jpg 1389.638710 155.000000 67.780645 55.819355
032636.jpg 1449.445161 153.006452 63.793548 61.800000
032637.jpg 1507.258065 151.012903 67.780645 67.780645
034352.jpg 1341.793548 366.316129 233.245161 247.200000
034353.jpg 1281.987097 366.316129 211.316129 215.303226
034354.jpg 1228.161290 368.309677 191.380645 201.348387
034355.jpg 1194.270968 372.296774 169.451613 171.445161
034356.jpg 1156.393548 374.290323 169.451613 163.470968
034357.jpg 1132.470968 372.296774 149.516129 159.483871
034358.jpg 1118.516129 374.290323 135.561290 139.548387
034359.jpg 1094.593548 372.296774 127.587097 133.567742
034360.jpg 1080.638710 366.316129 121.606452 121.606452
034361.jpg 1068.677419 368.309677 115.625806 113.632258
034362.jpg 1054.722581 366.316129 113.632258 109.645161
035211.jpg 1523.206452 328.438710 87.716129 105.658065
035212.jpg 1489.316129 338.406452 77.748387 85.722581
035213.jpg 1447.451613 338.406452 81.735484 85.722581
035214.jpg 1421.535484 334.419355 77.748387 81.735484
035215.jpg 1391.632258 328.438710 71.767742 77.748387
035216.jpg 1363.722581 326.445161 71.767742 69.774194
035217.jpg 1341.793548 324.451613 61.800000 69.774194
035218.jpg 1319.864516 328.438710 57.812903 65.787097
035219.jpg 1297.935484 336.412903 55.819355 61.800000
035220.jpg 1278.000000 334.419355 53.825806 63.793548
035221.jpg 1258.064516 334.419355 51.832258 55.819355
035222.jpg 1242.116129 334.419355 51.832258 53.825806
035223.jpg 1224.174194 336.412903 51.832258 57.812903
035224.jpg 1210.219355 342.393548 49.838710 45.851613
035225.jpg 1198.258065 344.387097 45.851613 47.845161
035226.jpg 1178.322581 344.387097 55.819355 53.825806
