resized1.png    
resized10.png    
resized100.png 107.560159 62.764472 22.883087 21.793417
resized101.png 102.656640 66.033485 23.427923 22.883087
resized102.png 98.842792 72.026674 23.427923 20.703746
resized103.png 90.125426 75.295687 23.427923 21.793417
resized104.png 82.497730 80.199205 24.517594 21.793417
resized105.png 72.690692 84.557889 26.152100 19.614075
resized106.png 66.152667 88.916572 25.062429 19.620885
resized107.png 60.159478 92.730420 25.607264 20.703746
resized108.png 55.255959 95.999432 26.152100 22.883087
resized109.png 53.076617 98.723610 27.241771 21.793417
resized11.png    
resized110.png 54.711124 101.992622 26.696935 22.883087
resized111.png 56.345630 104.171964 26.696935 22.883087
resized112.png 57.980136 107.440976 26.152100 22.338252
resized113.png 57.980136 108.530647 26.696935 23.427923
resized114.png 56.345630 111.254824 27.241771 22.883087
resized115.png 57.980136 113.434166 27.241771 22.883087
resized116.png 61.249149 115.613507 26.152100 22.338252
resized117.png 63.428490 116.703178 25.607264 23.427923
resized118.png 66.697503 119.427355 25.607264 21.793417
resized119.png 67.787174 119.972191 26.152100 22.338252
resized12.png    
resized120.png 69.966515 120.517026 26.152100 22.338252
resized121.png 71.601022 121.606697 26.152100 21.793417
resized122.png 74.325199 122.151532 25.062429 22.883087
resized123.png 77.594211 124.330874 25.062429 20.703746
resized124.png 81.952894 123.786039 23.972758 21.793417
resized125.png 85.221907 124.875709 23.972758 21.248581
resized126.png 87.946084 125.420545 23.427923 20.703746
resized127.png 91.215096 125.965380 24.517594 21.248581
resized128.png 95.028944 126.510216 25.062429 21.793417
resized129.png 96.663451 127.599886 23.972758 20.703746
resized13.png    
resized130.png 98.842792 128.144722 23.427923 21.793417
resized131.png 101.566969 128.689557 23.972758 21.248581
resized132.png 107.015323 129.234393 23.427923 21.793417
resized133.png 111.918842 129.779228 22.883087 20.703746
resized134.png 116.822361 129.779228 22.883087 20.703746
resized135.png 120.636209 129.234393 22.883087 21.248581
resized136.png 134.801930 129.234393 21.248581 20.158910
resized137.png 139.705448 128.144722 20.703746 21.248581
resized138.png 142.974461 128.689557 20.703746 19.614075
resized139.png 142.974461 128.689557 21.793417 20.703746
resized14.png    
resized140.png 144.064132 128.689557 22.338252 19.614075
resized141.png 146.243473 127.599886 22.338252 21.248581
resized142.png 147.333144 127.599886 22.338252 20.703746
resized143.png 150.602157 127.055051 22.338252 20.703746
resized144.png 152.236663 127.599886 22.338252 20.158910
resized145.png 156.050511 127.599886 21.248581 20.158910
resized146.png 158.774688 127.599886 20.158910 19.614075
resized147.png 162.043700 126.510216 21.793417 20.703746
resized148.png 162.043700 127.055051 21.248581 20.158910
resized149.png 160.954030 126.510216 21.248581 19.614075
resized15.png    
resized150.png 159.319523 125.965380 21.793417 20.158910
resized151.png 158.229852 125.420545 21.248581 19.614075
resized152.png 156.595346 124.875709 21.793417 20.703746
resized153.png 158.229852 124.875709 21.793417 19.614075  
resized154.png 162.043700 124.875709 20.703746 20.158910
resized155.png 167.492054 124.875709 21.248581 20.158910
resized156.png 174.030079 124.875709 20.158910 20.158910
resized157.png 178.933598 124.875709 20.158910 20.158910
resized158.png 179.478434 124.330874 20.703746 20.158910
resized159.png 177.299092 123.241203 21.248581 20.703746
resized16.png    
resized160.png 174.574915 122.151532 21.248581 20.158910
resized161.png 172.940409 121.606697 20.703746 20.158910
resized162.png 172.940409 121.061862 20.703746 20.158910
resized163.png 172.940409 121.061862 20.703746 19.614075
resized164.png 174.574915 120.517026 21.248581 20.158910
resized165.png 178.388763 121.606697 20.158910 19.069240
resized166.png 182.747446 121.606697 21.248581 19.069240
resized167.png 188.740636 121.606697 21.248581 20.158910
resized168.png 194.188990 121.606697 21.248581 20.158910
resized169.png 197.458002 121.606697 20.158910 20.158910
resized17.png    
resized170.png 195.278661 120.517026 20.703746 20.703746
resized171.png 192.009648 121.061862 20.703746 20.158910
resized172.png 186.016459 120.517026 21.248581 20.158910
resized173.png 180.568104 119.972191 21.248581 20.158910
resized174.png 176.754257 119.972191 21.248581 19.614075
resized175.png 175.664586 119.427355 21.248581 20.158910
resized176.png 174.574915 119.427355 21.248581 19.614075
resized177.png 174.030079 119.427355 20.703746 19.069240
resized178.png 172.395573 118.337684 21.248581 20.158910
resized179.png 174.574915 118.337684 21.248581 19.614075
resized18.png    
resized180.png 177.299092 117.248014 21.248581 20.158910
resized181.png 180.023269 116.703178 21.248581 20.703746
resized182.png 183.837117 117.248014 20.703746 20.158910
resized183.png 187.650965 116.703178 21.793417 21.248581
resized184.png 190.919977 116.703178 20.158910 20.158910
resized185.png 192.554484 116.703178 20.703746 19.614075
resized186.png 192.009648 116.158343 21.793417 20.158910
resized187.png 193.099319 116.158343 21.248581 19.614075
resized188.png 193.644154 115.613507 21.248581 20.158910
resized189.png 195.278661 115.613507 20.703746 19.614075
resized19.png    
resized190.png 196.913167 115.068672 20.158910 20.703746
resized191.png 198.002838 115.068672 20.703746 19.614075
resized192.png 199.092509 114.523837 20.703746 20.158910
resized193.png 200.182179 114.523837 20.703746 19.614075
resized194.png 200.182179 114.523837 20.703746 20.158910
resized195.png 200.727015 114.523837 20.703746 20.158910
resized196.png 200.727015 114.523837 20.703746 20.158910
resized197.png 200.182179 113.979001 21.248581 20.158910
resized198.png 201.271850 113.979001 20.703746 19.614075
resized199.png 201.816686 113.979001 20.158910 19.614075
resized2.png    
resized20.png    
resized200.png 202.906356 113.434166 19.614075 20.158910
resized201.png 202.906356 113.434166 21.248581 20.158910
resized202.png 202.361521 113.979001 21.248581 19.069240
resized203.png 202.906356 113.434166 19.614075 19.614075
resized204.png 201.816686 113.434166 21.248581 20.158910
resized205.png 200.182179 113.979001 21.248581 18.524404
resized206.png 200.182179 112.889330 20.703746 19.614075
resized207.png 199.637344 112.889330 20.158910 19.614075
resized208.png 200.182179 112.344495 20.703746 20.158910
resized209.png 200.727015 112.889330 21.248581 19.614075
resized21.png    
resized210.png 200.727015 112.344495 20.158910 19.614075
resized211.png 201.271850 111.799659 20.703746 20.158910
resized212.png 202.361521 111.799659 20.158910 20.158910
resized213.png 203.996027 111.799659 20.158910 20.158910
resized214.png 204.540863 111.799659 20.158910 19.614075
resized215.png 205.085698 111.254824 20.703746 20.158910
resized216.png 205.085698 111.254824 21.248581 20.703746
resized217.png 206.175369 111.799659 20.703746 19.614075
resized218.png 206.720204 111.254824 20.158910 19.614075
resized219.png 205.085698 111.254824 22.338252 19.614075
resized22.png    
resized220.png 204.540863 110.709989 20.158910 20.158910
resized221.png 202.906356 110.709989 20.703746 19.614075
resized222.png 202.361521 110.165153 21.248581 20.703746
resized223.png 203.996027 110.709989 20.703746 20.158910
resized224.png 202.906356 110.165153 21.248581 20.158910
resized225.png 203.451192 110.165153 20.158910 19.069240
resized226.png 202.906356 109.620318 20.703746 20.158910
resized227.png 201.271850 109.620318 21.248581 20.158910
resized228.png 200.182179 109.620318 20.158910 20.158910
resized229.png 198.547673 108.530647 21.248581 20.158910
resized23.png    
resized230.png 198.002838 108.530647 20.158910 20.158910
resized231.png 197.458002 108.530647 21.248581 19.614075
resized232.png 197.458002 108.530647 21.248581 20.158910
resized233.png 198.547673 108.530647 21.248581 19.614075
resized234.png 198.547673 108.530647 21.248581 20.158910
resized235.png 199.092509 108.530647 20.703746 20.158910
resized236.png 199.092509 107.985812 20.158910 20.158910
resized237.png 198.002838 107.985812 20.703746 20.158910
resized238.png 198.547673 107.985812 20.158910 19.614075
resized239.png 197.458002 108.530647 20.703746 19.069240
resized24.png    
resized240.png 197.458002 107.440976 20.158910 20.158910
resized241.png 196.913167 107.985812 20.158910 19.614075
resized242.png 196.913167 107.440976 20.158910 20.158910
resized243.png 196.913167 107.985812 19.069240 19.069240
resized244.png 196.368331 106.896141 19.614075 19.069240
resized245.png 197.458002 106.896141 18.524404 19.614075
resized246.png 196.913167 106.351305 20.703746 19.614075
resized247.png 198.002838 106.351305 20.158910 20.158910
resized248.png 197.458002 106.351305 20.703746 19.614075
resized249.png 198.002838 106.351305 20.158910 19.614075
resized25.png    
resized250.png 196.368331 105.806470 20.703746 20.158910
resized251.png 197.458002 104.716799 21.793417 20.158910
resized252.png 198.002838 104.716799 21.248581 19.614075
resized253.png 198.002838 104.171964 21.793417 20.158910
resized254.png 198.002838 103.627128 21.248581 20.158910
resized255.png 198.547673 103.082293 22.338252 20.703746
resized256.png 199.092509 101.992622 21.248581 21.248581
resized257.png 200.727015 101.992622 21.248581 21.248581
resized258.png 201.271850 102.537457 21.248581 19.614075
resized259.png 201.271850 101.992622 21.793417 20.158910
resized26.png    
resized260.png 202.361521 101.447787 22.338252 20.158910
resized261.png 203.996027 100.902951 22.338252 20.158910
resized262.png 205.630533 99.813280 22.338252 21.248581
resized263.png 206.720204 99.813280 21.793417 20.703746
resized264.png 206.720204 98.723610 22.883087 21.248581
resized265.png 207.265040 98.723610 22.338252 21.793417
resized266.png 207.265040 98.723610 22.338252 21.793417
resized267.png 207.265040 98.723610 21.793417 21.793417
resized268.png 207.265040 98.178774 22.338252 22.338252
resized269.png 207.265040 98.178774 22.338252 22.338252
resized27.png    
resized270.png 207.809875 97.633939 21.793417 22.883087
resized271.png 207.809875 97.089103 22.883087 22.883087
resized272.png 208.354711 97.089103 23.427923 22.883087
resized273.png 209.444381 97.633939 22.883087 22.338252
resized274.png 210.534052 97.633939 22.883087 22.338252
resized275.png 211.078888 97.633939 23.427923 22.883087
resized276.png 212.168558 97.633939 23.427923 22.883087
resized277.png 212.713394 97.633939 23.972758 22.883087
resized278.png 213.258229 97.633939 24.517594 23.427923
resized279.png 213.803065 98.178774 23.972758 23.427923
resized28.png    
resized280.png 214.892736 98.178774 23.972758 23.427923
resized281.png 215.437571 98.178774 25.062429 23.972758
resized282.png 216.527242 99.268445 25.062429 23.972758
resized283.png 215.982406 99.268445 26.152100 24.517594
resized284.png 217.072077 99.813280 24.517594 23.972758
resized285.png 218.161748 100.358116 23.972758 23.972758
resized286.png 218.161748 100.358116 25.607264 24.517594
resized287.png 218.161748 100.358116 25.607264 24.517594
resized288.png 219.251419 100.902951 25.062429 23.972758
resized289.png 220.885925 100.358116 25.062429 25.607264
resized29.png    
resized290.png 220.885925 100.902951 25.062429 24.517594
resized291.png 220.885925 100.358116 25.607264 25.607264
resized292.png 220.341090 100.902951 25.607264 25.062429
resized293.png 218.161748 100.358116 26.152100 25.607264
resized294.png 217.072077 100.358116 27.241771 26.152100
resized295.png 217.616913 99.813280 26.696935 25.607264
resized296.png 218.161748 99.813280 27.241771 26.696935
resized297.png 219.251419 99.813280 26.696935 26.152100
resized298.png 218.706583 99.813280 27.786606 26.696935
resized299.png 217.616913 99.268445 27.241771 27.241771
resized3.png    
resized30.png    
resized300.png 217.072077 98.723610 28.331442 27.241771
resized301.png 216.527242 98.723610 28.331442 28.331442
resized302.png 217.072077 98.723610 27.786606 27.786606
resized303.png 216.527242 98.178774 28.331442 27.241771
resized304.png 215.982406 97.633939 28.331442 28.331442
resized305.png 214.347900 97.633939 29.965948 28.331442
resized306.png 214.347900 97.089103 29.421112 28.331442
resized307.png 214.347900 97.633939 29.421112 28.876277
resized308.png 213.258229 97.089103 28.876277 28.876277
resized309.png 213.258229 95.999432 29.965948 30.510783
resized31.png    
resized310.png 213.803065 95.999432 29.965948 30.510783
resized311.png 214.347900 95.999432 29.965948 30.510783
resized312.png 214.347900 95.454597 31.055619 29.965948
resized313.png 213.803065 95.454597 31.055619 30.510783
resized314.png 212.713394 93.820091 32.145289 31.055619
resized315.png 211.623723 93.275255 32.145289 31.600454
resized316.png 211.078888 92.730420 32.145289 32.145289
resized317.png 209.989217 92.185585 33.779796 32.690125
resized318.png 210.534052 91.640749 32.690125 32.690125
resized319.png 209.989217 91.640749 33.779796 33.234960
resized32.png    
resized320.png 209.444381 91.095914 34.324631 33.779796
resized321.png 208.354711 90.551078 34.324631 34.324631
resized322.png 207.265040 90.006243 35.414302 34.869467
resized323.png 207.265040 90.006243 35.414302 34.324631
resized324.png 206.720204 88.371737 35.959137 35.414302
resized325.png 207.265040 88.371737 35.959137 35.414302
resized326.png 208.354711 87.282066 37.048808 35.959137
resized327.png 210.534052 87.282066 37.048808 36.503973
resized328.png 211.078888 86.737230 38.683314 37.593644
resized329.png 212.168558 86.192395 39.228150 38.138479
resized33.png    
resized330.png 212.713394 86.192395 38.683314 38.683314
resized331.png 212.713394 85.647560 39.228150 39.228150
resized332.png 213.258229 84.557889 39.228150 40.317821
resized333.png 213.803065 85.102724 40.862656 39.772985
resized334.png 215.437571 84.557889 40.862656 39.772985
resized335.png 218.161748 83.468218 41.407491 41.952327
resized336.png 220.341090 83.468218 42.497162 40.862656
resized337.png 222.520431 82.378547 43.041998 42.497162
resized338.png 224.154938 81.833712 42.497162 43.041998
resized339.png 225.244608 81.833712 43.586833 42.497162
resized34.png    
resized340.png 224.699773 80.744041 45.766175 44.131669
resized341.png 226.879115 79.654370 46.311010 45.766175
resized342.png 229.603292 80.199205 46.855846 44.676504
resized343.png 230.692963 79.109535 47.400681 46.311010
resized344.png 232.327469 78.564699 47.945516 48.490352
resized345.png 232.327469 78.564699 49.035187 47.945516
resized346.png 232.327469 78.019864 50.124858 49.580023
resized347.png 235.596481 78.019864 47.945516 50.669694
resized348.png 234.506810 76.930193 52.304200 51.759364
resized349.png 236.141317 75.840522 53.393871 52.849035
resized35.png    
resized350.png 237.230988 76.385358 53.938706 51.759364
resized351.png 236.686152 75.295687 55.028377 53.938706
resized352.png 236.686152 74.750851 55.573212 55.028377
resized353.png 234.506810 74.750851 56.662883 55.573212
resized354.png 231.782633 74.206016 58.842225 57.207719
resized355.png 232.327469 73.116345 57.207719 58.297389
resized356.png 230.692963 72.571510 59.931896 58.842225
resized357.png 230.692963 72.026674 61.021566 59.387060
resized358.png 231.237798 71.481839 61.566402 59.931896
resized359.png 229.603292 70.392168 62.656073 61.566402
resized36.png    
resized360.png 227.968785 69.302497 63.745743 62.111237
resized361.png 225.789444 67.123156 65.925085 64.835414
resized362.png 224.154938 66.578320 66.469921 65.925085
resized363.png 221.975596 64.943814 68.649262 67.014756
resized364.png 220.885925 64.398978 70.283768 68.104427
resized365.png 219.251419 63.309308 69.738933 69.194098
resized366.png 216.527242 61.674801 71.373439 70.283768
resized367.png 214.347900 61.129966 73.007946 71.373439
resized368.png 211.078888 59.495460 76.276958 73.552781
resized369.png 212.168558 58.405789 75.732123 74.097616
resized37.png    
resized370.png 212.168558 56.771283 77.911464 75.732123
resized371.png 210.534052 54.047106 81.725312 79.545970
resized372.png 209.444381 53.502270 81.725312 80.635641
resized373.png 206.175369 52.957435 85.539160 83.359818
resized374.png 203.451192 51.322928 87.173666 85.539160
resized375.png 202.361521 50.778093 89.353008 87.173666
resized376.png 201.271850 50.233258 92.077185 90.442679
resized377.png 198.547673 49.688422 95.346198 91.532350
resized378.png 198.547673 49.688422 95.891033 94.256527
resized379.png 196.913167 49.688422 98.615210 95.346198
resized38.png    
resized380.png 196.368331 50.233258 99.704881 95.346198
resized381.png 196.913167 49.143587 100.794552 98.615210
resized382.png 195.823496 48.053916 103.518729 102.429058
resized383.png 195.278661 46.964245 105.698070 104.063564
resized384.png 194.188990 46.419410 107.332577 104.608400
resized385.png 193.099319 44.784904 111.691260 108.422247
resized386.png 191.464813 43.150397 114.415437 110.601589
resized387.png 192.009648 42.060726 115.505108 112.780931
resized388.png 189.830306 41.515891 118.229285 116.594779
resized389.png 187.650965 40.971056 121.349035 117.028944
resized39.png    
resized390.png 187.000000 40.000000 125.000000 121.000000
resized391.png 188.000000 39.000000 125.000000 122.000000
resized392.png 188.000000 39.000000 127.000000 126.000000
resized393.png 185.000000 37.000000 131.000000 130.000000
resized394.png 185.000000 38.000000 134.000000 130.000000
resized395.png 181.000000 36.000000 137.000000 134.000000
resized396.png 181.000000 35.000000 138.000000 138.000000
resized397.png 178.000000 35.000000 144.000000 138.000000
resized398.png 180.000000 34.000000 143.000000 142.000000
resized399.png 179.000000 34.000000 144.000000 141.000000
resized4.png    
resized40.png    
resized400.png 179.000000 33.000000 147.000000 144.000000
resized401.png 180.000000 31.000000 147.000000 148.000000
resized402.png 177.000000 31.000000 152.000000 147.000000
resized403.png 175.000000 29.000000 154.000000 149.000000
resized404.png 174.000000 28.000000 154.000000 151.000000
resized405.png 177.000000 27.000000 155.000000 153.000000
resized406.png 179.000000 27.000000 152.000000 154.000000
resized407.png 176.000000 27.000000 159.000000 156.000000
resized408.png 177.000000 29.000000 160.000000 154.000000
resized409.png 184.000000 28.000000 154.000000 153.000000
resized41.png    
resized410.png 179.000000 28.000000 156.000000 155.000000
resized411.png 177.000000 30.000000 159.000000 153.000000
resized412.png 179.000000 29.000000 157.000000 155.000000
resized413.png 176.000000 29.000000 163.000000 155.000000
resized414.png 179.000000 29.000000 161.000000 154.000000
resized415.png 178.000000 27.000000 161.000000 157.000000
resized416.png 180.000000 28.000000 161.000000 155.000000
resized417.png 180.000000 27.000000 160.000000 156.000000
resized418.png 182.000000 29.000000 160.000000 153.000000
resized419.png 184.000000 28.000000 158.000000 153.000000
resized42.png    
resized420.png 187.000000 29.000000 155.000000 153.000000
resized421.png 189.000000 28.000000 154.000000 152.000000
resized422.png 189.000000 28.000000 154.000000 153.000000
resized423.png 186.000000 28.000000 157.000000 152.000000
resized424.png 187.000000 30.000000 156.000000 152.000000
resized425.png 192.000000 29.000000 152.000000 150.000000
resized426.png 189.000000 29.000000 157.000000 152.000000
resized427.png 189.000000 30.000000 154.000000 148.000000
resized428.png 192.000000 30.000000 153.000000 149.000000
resized429.png 191.000000 32.000000 155.000000 149.000000
resized43.png    
resized430.png 193.000000 32.000000 154.000000 149.000000
resized431.png 192.000000 31.000000 155.000000 150.000000
resized432.png 192.000000 30.000000 154.000000 152.000000
resized433.png 194.000000 32.000000 154.000000 148.000000
resized434.png 196.000000 33.000000 151.000000 146.000000
resized435.png 194.000000 30.000000 153.000000 149.000000
resized436.png 195.000000 31.000000 154.000000 149.000000
resized437.png 193.000000 30.000000 155.000000 148.000000
resized438.png 195.000000 31.000000 154.000000 148.000000
resized439.png 195.000000 30.000000 153.000000 150.000000
resized44.png    
resized440.png 195.000000 30.000000 156.000000 149.000000
resized441.png 197.000000 31.000000 153.000000 148.000000
resized442.png 198.000000 29.000000 150.000000 149.000000
resized443.png 198.000000 30.000000 152.000000 149.000000
resized444.png 196.000000 29.000000 153.000000 148.000000
resized445.png 196.000000 30.000000 152.000000 148.000000
resized446.png 196.000000 29.000000 153.000000 148.000000
resized447.png 197.000000 30.000000 150.000000 146.000000
resized448.png 196.000000 30.000000 153.000000 146.000000
resized449.png 196.000000 30.000000 152.000000 147.000000
resized45.png    
resized450.png 196.000000 29.000000 152.000000 147.000000
resized451.png 196.000000 30.000000 149.000000 146.000000
resized452.png 194.000000 29.000000 151.000000 147.000000
resized453.png 194.000000 28.000000 150.000000 148.000000
resized454.png 193.000000 30.000000 150.000000 145.000000
resized455.png 192.000000 30.000000 151.000000 145.000000
resized456.png 192.000000 31.000000 150.000000 143.000000
resized457.png 191.000000 31.000000 149.000000 145.000000
resized458.png 192.000000 31.000000 150.000000 145.000000
resized459.png 191.000000 31.000000 150.000000 145.000000
resized46.png    
resized460.png 188.000000 32.000000 153.000000 143.000000
resized461.png 192.000000 34.000000 145.000000 142.000000
resized462.png 190.000000 35.000000 148.000000 142.000000
resized463.png 187.000000 35.000000 147.000000 143.000000
resized464.png 190.000000 36.000000 144.000000 145.000000
resized465.png 188.000000 37.000000 145.000000 144.000000
resized466.png 187.000000 39.000000 144.000000 140.000000
resized467.png 189.000000 39.000000 141.000000 141.000000
resized468.png 186.000000 41.000000 144.000000 141.000000
resized469.png 185.000000 43.000000 146.000000 142.000000
resized47.png    
resized470.png 186.000000 46.000000 141.000000 137.000000
resized471.png 188.000000 45.000000 140.000000 139.000000
resized472.png 184.000000 44.000000 143.000000 142.000000
resized473.png 184.000000 45.000000 144.000000 140.000000
resized474.png 183.000000 45.000000 144.000000 140.000000
resized475.png 188.000000 48.000000 136.000000 137.000000
resized476.png 185.000000 48.000000 141.000000 137.000000
resized477.png 186.000000 48.000000 140.000000 139.000000
resized478.png 186.000000 49.000000 142.000000 138.000000
resized479.png 184.000000 49.000000 141.000000 137.000000
resized48.png    
resized480.png 186.000000 51.000000 139.000000 133.000000
resized481.png 186.000000 50.000000 137.000000 136.000000
resized482.png 183.000000 49.000000 139.000000 137.000000
resized483.png 186.000000 50.000000 137.000000 137.000000
resized484.png 188.000000 50.000000 135.000000 136.000000
resized485.png 185.000000 51.000000 141.000000 134.000000
resized486.png 186.000000 50.000000 138.000000 137.000000
resized487.png 189.000000 49.000000 136.000000 140.000000
resized488.png 187.000000 51.000000 137.000000 134.000000
resized489.png 184.000000 51.000000 140.000000 136.000000
resized49.png    
resized490.png 184.000000 52.000000 134.000000 132.000000
resized491.png 183.000000 51.000000 140.000000 135.000000
resized492.png 186.000000 54.000000 135.000000 134.000000
resized493.png 184.000000 53.000000 138.000000 133.000000
resized494.png 183.000000 52.000000 138.000000 136.000000
resized495.png 182.000000 51.000000 138.000000 135.000000
resized496.png 181.000000 50.000000 140.000000 138.000000
resized497.png 183.000000 49.000000 136.000000 138.000000
resized498.png 184.000000 51.000000 137.000000 136.000000
resized499.png 181.000000 51.000000 138.000000 137.000000
resized5.png    
resized50.png    
resized500.png 183.000000 51.000000 135.000000 133.000000
resized501.png 182.000000 49.000000 139.000000 136.000000
resized502.png 181.000000 48.000000 141.000000 137.000000
resized503.png 181.000000 47.000000 137.000000 136.000000
resized504.png 179.000000 45.000000 139.000000 138.000000
resized505.png 178.000000 45.000000 140.000000 135.000000
resized506.png 175.000000 45.000000 143.000000 138.000000
resized507.png 179.000000 43.000000 139.000000 139.000000
resized508.png 180.000000 44.000000 136.000000 139.000000
resized509.png 177.000000 42.000000 140.000000 138.000000
resized51.png    
resized510.png 176.000000 41.000000 143.000000 138.000000
resized511.png 178.000000 40.000000 141.000000 138.000000
resized512.png 177.000000 39.000000 142.000000 137.000000
resized513.png 178.000000 38.000000 141.000000 138.000000
resized514.png 177.000000 36.000000 141.000000 138.000000
resized515.png 176.000000 35.000000 141.000000 141.000000
resized516.png 176.000000 35.000000 140.000000 139.000000
resized517.png 177.000000 36.000000 142.000000 139.000000
resized518.png 177.000000 33.000000 140.000000 140.000000
resized519.png 178.000000 35.000000 140.000000 138.000000
resized52.png    
resized520.png 178.000000 34.000000 140.000000 141.000000
resized521.png 177.000000 36.000000 143.000000 137.000000
resized522.png 179.000000 35.000000 137.000000 138.000000
resized523.png 177.000000 32.000000 139.000000 137.000000
resized524.png 174.000000 31.000000 142.000000 138.000000
resized525.png 175.000000 31.000000 142.000000 138.000000
resized526.png 176.000000 31.000000 138.000000 137.000000
resized527.png 175.000000 32.000000 142.000000 139.000000
resized528.png 174.000000 32.000000 139.000000 135.000000
resized529.png 175.000000 31.000000 140.000000 136.000000
resized53.png    
resized530.png 175.000000 31.000000 139.000000 134.000000
resized531.png 177.000000 31.000000 137.000000 134.000000
resized532.png 175.000000 26.000000 140.000000 138.000000
resized533.png 177.000000 21.000000 138.000000 138.000000
resized534.png 177.000000 20.000000 141.000000 132.000000
resized535.png 181.000000 20.000000 136.000000 132.000000
resized536.png 178.000000 16.000000 140.000000 132.000000
resized537.png 185.000000 15.000000 137.000000 122.000000
resized538.png 189.000000 18.000000 135.000000 114.000000
resized539.png 198.000000 5.000000 150.000000 123.000000
resized54.png    
resized540.png 204.000000 2.000000 137.000000 65.000000
resized541.png 197.000000 1.000000 134.000000 52.000000
resized542.png 215.000000 1.000000 107.000000 45.000000
resized543.png    
resized544.png    
resized545.png    
resized546.png    
resized547.png    
resized548.png    
resized549.png    
resized55.png    
resized550.png    
resized551.png    
resized552.png    
resized553.png    
resized554.png    
resized555.png    
resized556.png    
resized557.png    
resized558.png    
resized559.png    
resized56.png    
resized560.png    
resized561.png    
resized562.png    
resized563.png    
resized564.png    
resized565.png    
resized566.png    
resized567.png    
resized568.png    
resized569.png    
resized57.png    
resized570.png    
resized571.png    
resized572.png    
resized573.png    
resized574.png    
resized575.png    
resized576.png    
resized577.png    
resized578.png    
resized579.png    
resized58.png    
resized580.png    
resized581.png    
resized582.png    
resized583.png    
resized584.png    
resized585.png    
resized586.png    
resized587.png    
resized588.png    
resized589.png    
resized59.png    
resized590.png    
resized591.png    
resized592.png    
resized593.png    
resized594.png    
resized595.png    
resized596.png    
resized597.png    
resized598.png    
resized599.png    
resized6.png    
resized60.png    
resized61.png    
resized62.png    
resized63.png    
resized64.png    
resized65.png    
resized66.png    
resized67.png    
resized68.png    
resized69.png    
resized7.png    
resized70.png    
resized71.png    
resized72.png    
resized73.png    
resized74.png    
resized75.png    
resized76.png    
resized77.png    
resized78.png    
resized79.png    
resized8.png    
resized80.png    
resized81.png    
resized82.png    
resized83.png    
resized84.png    
resized85.png    
resized86.png    
resized87.png    
resized88.png 118.456867 1.198070 22.338252 15.800227
resized89.png 110.284336 1.742906 21.793417 19.614075
resized9.png    
resized90.png 101.566969 2.832577 23.427923 21.793417
resized91.png 96.663451 8.825766 22.883087 20.158910
resized92.png 94.484109 15.908627 24.517594 19.614075
resized93.png 94.484109 21.356981 25.062429 21.248581
resized94.png 95.573780 28.984677 25.607264 22.338252
resized95.png 98.842792 34.433031 24.517594 22.338252
resized96.png 103.201476 40.971056 22.883087 21.793417
resized97.png 108.104994 46.964245 22.883087 21.248581
resized98.png 107.560159 52.957435 23.972758 20.703746
resized99.png 107.560159 57.860953 23.427923 20.703746
