022750.jpg 289.200000 89.212903 145.529032 141.541935
022751.jpg 319.103226 93.200000 151.509677 143.535484
022752.jpg 352.993548 85.225806 145.529032 151.509677
022753.jpg 386.883871 89.212903 149.516129 147.522581
022754.jpg 414.793548 89.212903 151.509677 151.509677
022755.jpg 442.703226 87.219355 153.503226 157.490323
022756.jpg 470.612903 87.219355 151.509677 151.509677
022757.jpg 496.529032 93.200000 159.483871 147.522581
022758.jpg 526.432258 95.193548 153.503226 141.541935
022759.jpg 552.348387 97.187097 151.509677 141.541935
022760.jpg 580.258065 99.180645 145.529032 147.522581
022761.jpg 602.187097 95.193548 147.522581 155.496774
022762.jpg 624.116129 95.193548 149.516129 161.477419
022763.jpg 640.064516 99.180645 161.477419 157.490323
022764.jpg 660.000000 109.148387 153.503226 149.516129
022765.jpg 681.929032 103.167742 153.503226 159.483871
022766.jpg 701.864516 103.167742 155.496774 167.458065
022767.jpg 721.800000 107.154839 151.509677 159.483871
022768.jpg 739.741935 105.161290 147.522581 163.470968
022769.jpg 753.696774 111.141935 153.503226 169.451613
022770.jpg 775.625806 117.122581 149.516129 165.464516
022771.jpg 795.561290 123.103226 141.541935 157.490323
022772.jpg 813.503226 125.096774 139.548387 161.477419
022773.jpg 829.451613 121.109677 135.561290 157.490323
022774.jpg 839.419355 115.129032 137.554839 163.470968
022775.jpg 859.354839 107.154839 129.580645 165.464516
022776.jpg 873.309677 99.180645 129.580645 171.445161
022777.jpg 891.251613 107.154839 127.587097 165.464516
022778.jpg 905.206452 115.129032 125.593548 163.470968
022779.jpg 925.141935 125.096774 119.612903 173.438710
