013661.jpg 962.250000 238.250000 39.000000 57.000000
013662.jpg 966.750000 238.250000 40.500000 58.500000
013663.jpg 972.750000 235.250000 40.500000 63.000000
013664.jpg 980.250000 241.250000 45.000000 64.500000
013665.jpg 984.750000 239.750000 43.500000 69.000000
013666.jpg 992.250000 241.250000 46.500000 67.500000
013667.jpg 1001.250000 239.750000 46.500000 75.000000
013668.jpg 1008.750000 239.750000 54.000000 79.500000
013669.jpg 1019.250000 244.250000 61.500000 84.000000
013670.jpg 1031.250000 241.250000 58.500000 91.500000
013671.jpg 1044.750000 241.250000 64.500000 102.000000
013672.jpg 1077.750000 242.750000 75.000000 111.000000
013674.jpg 1098.750000 245.750000 81.000000 118.500000
013675.jpg 1125.750000 244.250000 88.500000 132.000000
013676.jpg 1148.250000 241.250000 99.000000 150.000000
013677.jpg 1182.750000 248.750000 105.000000 160.500000
013678.jpg 1229.250000 248.750000 121.500000 186.000000
013679.jpg 1278.750000 250.250000 135.000000 205.500000
013680.jpg 1349.250000 254.750000 157.500000 244.500000
013681.jpg 1455.750000 259.250000 168.000000 297.000000
