004705.jpg 1351.761290 129.083871 99.677419 115.625806
004706.jpg 1303.916129 131.077419 99.677419 121.606452
004707.jpg 1260.058065 133.070968 101.670968 121.606452
004708.jpg 1204.238710 135.064516 105.658065 117.619355
004709.jpg 1154.400000 125.096774 99.677419 133.567742
004710.jpg 1088.612903 117.122581 107.651613 133.567742
004711.jpg 1026.812903 113.135484 111.638710 139.548387
004712.jpg 963.019355 103.167742 111.638710 139.548387
004713.jpg 891.251613 99.180645 115.625806 141.541935
004714.jpg 829.451613 95.193548 111.638710 145.529032
004715.jpg 749.709677 87.219355 123.600000 157.490323
004716.jpg 673.954839 71.270968 129.580645 155.496774
004717.jpg 598.200000 55.322581 129.580645 171.445161
004718.jpg 520.451613 53.329032 125.593548 167.458065
004719.jpg 430.741935 45.354839 131.574194 181.412903
004720.jpg 331.064516 27.412903 137.554839 195.367742
004721.jpg 225.406452 17.445161 143.535484 197.361290
004722.jpg 117.754839 3.490323 145.529032 203.341935
