005205.jpg 1036.500000 2.000000 300.000000 297.000000
005206.jpg 985.500000 23.000000 276.000000 282.000000
005207.jpg 943.500000 50.000000 249.000000 252.000000
005208.jpg 814.500000 125.000000 180.000000 183.000000
005212.jpg 775.500000 140.000000 180.000000 177.000000
005213.jpg 736.500000 146.000000 168.000000 180.000000
005214.jpg 700.500000 158.000000 168.000000 162.000000
005215.jpg 640.500000 176.000000 147.000000 156.000000
005217.jpg 598.500000 194.000000 147.000000 144.000000
005218.jpg 574.500000 212.000000 132.000000 132.000000
005219.jpg 484.500000 245.000000 120.000000 117.000000
005222.jpg 397.500000 242.000000 111.000000 111.000000
005225.jpg 358.500000 248.000000 111.000000 111.000000
005226.jpg 334.500000 251.000000 111.000000 111.000000
005227.jpg 307.500000 248.000000 105.000000 114.000000
005228.jpg 274.500000 257.000000 102.000000 99.000000
