033540.jpg 73.500000 206.000000 72.000000 72.000000
033541.jpg 106.500000 212.000000 75.000000 66.000000
033542.jpg 148.500000 212.000000 72.000000 60.000000
033543.jpg 175.500000 200.000000 75.000000 81.000000
033544.jpg 199.500000 200.000000 75.000000 84.000000
033545.jpg 217.500000 200.000000 72.000000 72.000000
033546.jpg 229.500000 188.000000 78.000000 81.000000
033547.jpg 241.500000 188.000000 78.000000 78.000000
033548.jpg 250.500000 185.000000 72.000000 81.000000
033549.jpg 253.500000 188.000000 66.000000 69.000000
033550.jpg 250.500000 191.000000 66.000000 75.000000
033551.jpg 241.500000 188.000000 66.000000 69.000000
033552.jpg 220.500000 185.000000 69.000000 66.000000
033553.jpg 202.500000 185.000000 66.000000 78.000000
033554.jpg 172.500000 185.000000 66.000000 66.000000
033555.jpg 145.500000 194.000000 60.000000 63.000000
033556.jpg 115.500000 194.000000 69.000000 63.000000
033557.jpg 79.500000 203.000000 63.000000 69.000000
033558.jpg 43.500000 209.000000 69.000000 66.000000
