033604.jpg 1540.500000 302.000000 78.000000 78.000000
033605.jpg 1510.500000 305.000000 72.000000 72.000000
033606.jpg 1480.500000 302.000000 69.000000 78.000000
033607.jpg 1456.500000 308.000000 63.000000 69.000000
033608.jpg 1435.500000 305.000000 54.000000 69.000000
033609.jpg 1411.500000 311.000000 60.000000 63.000000
033610.jpg 1387.500000 314.000000 60.000000 63.000000
033611.jpg 1369.500000 314.000000 54.000000 54.000000
033612.jpg 1351.500000 308.000000 45.000000 60.000000
033613.jpg 1330.500000 323.000000 51.000000 51.000000
033614.jpg 1315.500000 329.000000 51.000000 51.000000
033615.jpg 1300.500000 329.000000 45.000000 51.000000
033616.jpg 1288.500000 335.000000 42.000000 48.000000
033617.jpg 1273.500000 332.000000 42.000000 48.000000
033618.jpg 1258.500000 335.000000 45.000000 45.000000
033619.jpg 1246.500000 338.000000 45.000000 45.000000
