032846.jpg 1168.354839 260.658065 55.819355 89.709677
032847.jpg 1192.277419 260.658065 57.812903 93.696774
032848.jpg 1220.187097 264.645161 59.806452 93.696774
032849.jpg 1242.116129 256.670968 63.793548 107.651613
032850.jpg 1270.025806 264.645161 67.780645 111.638710
032851.jpg 1301.922581 262.651613 73.761290 119.612903
032852.jpg 1335.812903 272.619355 73.761290 119.612903
032853.jpg 1369.703226 276.606452 83.729032 127.587097
032854.jpg 1415.554839 282.587097 87.716129 137.554839
032855.jpg 1457.419355 286.574194 93.696774 149.516129
