034876.jpg 1559.090323 119.116129 67.780645 121.606452
034877.jpg 1467.387097 119.116129 79.741935 117.619355
034878.jpg 1379.670968 121.109677 83.729032 117.619355
034879.jpg 1285.974194 117.122581 83.729032 121.606452
034880.jpg 1202.245161 117.122581 83.729032 127.587097
034881.jpg 1114.529032 119.116129 87.716129 123.600000
034882.jpg 1024.819355 123.103226 81.735484 113.632258
034883.jpg 945.077419 121.109677 83.729032 123.600000
034884.jpg 857.361290 121.109677 85.722581 123.600000
034885.jpg 775.625806 131.077419 93.696774 115.625806
034886.jpg 695.883871 131.077419 91.703226 117.619355
034887.jpg 618.135484 129.083871 91.703226 119.612903
034888.jpg 540.387097 131.077419 91.703226 119.612903
034889.jpg 464.632258 135.064516 89.709677 121.606452
034890.jpg 394.858065 139.051613 87.716129 121.606452
034891.jpg 329.070968 151.012903 85.722581 119.612903
034892.jpg 259.296774 156.993548 83.729032 115.625806
034893.jpg 193.509677 158.987097 87.716129 111.638710
034894.jpg 127.722581 156.993548 91.703226 119.612903
034895.jpg 65.922581 162.974194 89.709677 115.625806
034896.jpg 6.116129 158.987097 85.722581 113.632258
