006204.jpg 322.500000 254.000000 54.000000 48.000000
006205.jpg 415.500000 248.000000 42.000000 48.000000
006206.jpg 499.500000 248.000000 42.000000 45.000000
006207.jpg 580.500000 236.000000 45.000000 54.000000
006208.jpg 658.500000 233.000000 54.000000 54.000000
006209.jpg 739.500000 236.000000 45.000000 51.000000
006210.jpg 817.500000 233.000000 45.000000 54.000000
006211.jpg 892.500000 233.000000 51.000000 54.000000
006212.jpg 967.500000 230.000000 45.000000 57.000000
006213.jpg 1036.500000 230.000000 51.000000 54.000000
006214.jpg 1096.500000 236.000000 54.000000 51.000000
006215.jpg 1162.500000 230.000000 54.000000 57.000000
006216.jpg 1222.500000 239.000000 57.000000 54.000000
006217.jpg 1279.500000 233.000000 54.000000 63.000000
006218.jpg 1336.500000 233.000000 57.000000 66.000000
006219.jpg 1393.500000 233.000000 60.000000 66.000000
006220.jpg 1447.500000 236.000000 63.000000 69.000000 
006221.jpg 1495.500000 233.000000 72.000000 81.000000
006222.jpg 1549.500000 236.000000 72.000000 81.000000
006223.jpg 40.500000 227.000000 93.000000 87.000000
006224.jpg 34.500000 224.000000 87.000000 84.000000
006225.jpg 16.500000 227.000000 96.000000 87.000000
006226.jpg 1.500000 224.000000 90.000000 93.000000
