023338.jpg 1552.500000 320.000000 0.000000 0.000000
023339.jpg 1465.500000 296.000000 132.000000 147.000000
023340.jpg 1405.500000 302.000000 114.000000 135.000000
023341.jpg 1351.500000 308.000000 114.000000 123.000000
023342.jpg 1306.500000 311.000000 102.000000 114.000000
023343.jpg 1273.500000 320.000000 90.000000 102.000000
023344.jpg 1240.500000 320.000000 84.000000 102.000000
023345.jpg 1210.500000 320.000000 81.000000 87.000000
023346.jpg 1186.500000 320.000000 78.000000 84.000000
023347.jpg 1162.500000 323.000000 78.000000 84.000000
023348.jpg 1141.500000 323.000000 72.000000 78.000000
023349.jpg 1129.500000 326.000000 66.000000 69.000000
023350.jpg 1114.500000 329.000000 63.000000 69.000000
023351.jpg 1102.500000 329.000000 60.000000 63.000000
023352.jpg 1093.500000 329.000000 60.000000 60.000000
023353.jpg 1075.500000 332.000000 54.000000 54.000000
023354.jpg 1063.500000 329.000000 57.000000 57.000000
023355.jpg 1060.500000 329.000000 48.000000 54.000000
023356.jpg 1048.500000 338.000000 48.000000 51.000000
023357.jpg 1039.500000 341.000000 51.000000 45.000000
023358.jpg 1033.500000 341.000000 42.000000 48.000000
023359.jpg 1021.500000 347.000000 48.000000 45.000000
023360.jpg 1018.500000 344.000000 42.000000 48.000000
023361.jpg 1012.500000 344.000000 42.000000 42.000000
023362.jpg 1006.500000 344.000000 42.000000 42.000000
023363.jpg 1000.500000 350.000000 42.000000 42.000000
023364.jpg 997.500000 347.000000 42.000000 45.000000
023365.jpg 991.500000 347.000000 42.000000 42.000000
023366.jpg 988.500000 347.000000 36.000000 45.000000
023367.jpg 985.500000 350.000000 0.000000 0.000000
023368.jpg 979.500000 347.000000 42.000000 42.000000
023369.jpg 976.500000 353.000000 36.000000 33.000000
