013154.jpg 1518.750000 395.750000 91.500000 106.500000
013155.jpg 1470.750000 389.750000 78.000000 99.000000
013156.jpg 1379.250000 388.250000 70.500000 84.000000
013158.jpg 1317.750000 386.750000 55.500000 75.000000
013160.jpg 1283.250000 386.750000 61.500000 69.000000
013161.jpg 1241.250000 385.250000 49.500000 60.000000
013163.jpg 1220.250000 385.250000 45.000000 60.000000
013164.jpg 1184.250000 383.750000 39.000000 51.000000
013166.jpg 1166.250000 383.750000 39.000000 54.000000
013167.jpg 1148.250000 385.250000 40.500000 48.000000
013168.jpg 1136.250000 385.250000 34.500000 48.000000
