003859.jpg 1006.500000 182.000000 81.000000 90.000000
003860.jpg 1018.500000 176.000000 84.000000 96.000000
003861.jpg 1036.500000 173.000000 93.000000 99.000000
003862.jpg 1054.500000 170.000000 102.000000 105.000000
003863.jpg 1075.500000 170.000000 111.000000 108.000000
003864.jpg 1105.500000 164.000000 114.000000 117.000000
003865.jpg 1132.500000 155.000000 129.000000 138.000000
003866.jpg 1168.500000 149.000000 141.000000 141.000000
003867.jpg 1216.500000 140.000000 147.000000 159.000000
003868.jpg 1264.500000 131.000000 171.000000 174.000000
003869.jpg 1333.500000 119.000000 186.000000 201.000000
003870.jpg 1423.500000 98.000000 201.000000 234.000000
