032861.jpg 1449.445161 366.316129 135.561290 199.354839
032862.jpg 1365.716129 362.329032 121.606452 175.432258
032863.jpg 1297.935484 358.341935 103.664516 169.451613
032864.jpg 1246.103226 368.309677 99.677419 139.548387
032865.jpg 1202.245161 366.316129 89.709677 131.574194
032866.jpg 1158.387097 360.335484 87.716129 125.593548
032867.jpg 1126.490323 360.335484 75.754839 111.638710
032868.jpg 1098.580645 362.329032 73.761290 99.677419
032869.jpg 1076.651613 362.329032 71.767742 101.670968
032870.jpg 1054.722581 360.335484 65.787097 91.703226
032871.jpg 1036.780645 360.335484 61.800000 85.722581
032872.jpg 1024.819355 358.341935 59.806452 85.722581
