004898.jpg 490.548387 174.935484 63.793548 61.800000
004899.jpg 472.606452 170.948387 69.774194 65.787097
004900.jpg 458.651613 162.974194 67.780645 69.774194
004901.jpg 444.696774 160.980645 67.780645 69.774194
004902.jpg 420.774194 155.000000 71.767742 69.774194
004903.jpg 408.812903 153.006452 71.767742 71.767742
004904.jpg 386.883871 149.019355 73.761290 77.748387
004905.jpg 360.967742 147.025806 79.741935 79.741935
004906.jpg 335.051613 149.019355 87.716129 81.735484
004907.jpg 317.109677 143.038710 81.735484 93.696774
004908.jpg 283.219355 145.032258 91.703226 87.716129
004909.jpg 243.348387 133.070968 103.664516 101.670968
004910.jpg 209.458065 127.090323 111.638710 105.658065
004911.jpg 171.580645 119.116129 113.632258 113.632258
004912.jpg 131.709677 109.148387 125.593548 123.600000
004913.jpg 81.870968 101.174194 135.561290 137.554839
004914.jpg 28.045161 95.193548 139.548387 139.548387
