013979.jpg 1058.709677 246.703226 33.890323 51.832258
013980.jpg 1072.664516 246.703226 35.883871 59.806452
013981.jpg 1084.625806 248.696774 35.883871 53.825806
013982.jpg 1112.535484 252.683871 43.858065 61.800000
013984.jpg 1128.483871 252.683871 47.845161 67.780645
013985.jpg 1166.361290 254.677419 49.838710 75.754839
013987.jpg 1188.290323 254.677419 53.825806 85.722581
013988.jpg 1206.232258 252.683871 63.793548 95.690323
013989.jpg 1238.129032 252.683871 65.787097 93.696774
013990.jpg 1266.038710 250.690323 67.780645 99.677419
013991.jpg 1305.909677 248.696774 65.787097 109.645161
013992.jpg 1343.787097 248.696774 83.729032 127.587097
013993.jpg 1401.600000 244.709677 85.722581 143.535484
013994.jpg 1469.380645 248.696774 91.703226 145.529032
