013189.jpg 1090.500000 155.000000 69.000000 66.000000
013190.jpg 1105.500000 146.000000 78.000000 84.000000
013191.jpg 1123.500000 140.000000 81.000000 75.000000
013192.jpg 1168.500000 131.000000 93.000000 87.000000
013194.jpg 1198.500000 125.000000 99.000000 99.000000
013195.jpg 1228.500000 110.000000 111.000000 114.000000
013196.jpg 1264.500000 104.000000 120.000000 126.000000
013197.jpg 1303.500000 83.000000 141.000000 147.000000
013198.jpg 1363.500000 71.000000 150.000000 156.000000
013199.jpg 1426.500000 47.000000 174.000000 174.000000
034335.jpg 1351.500000 35.000000 222.000000 240.000000
034336.jpg 1189.500000 59.000000 210.000000 204.000000
034337.jpg 1012.500000 47.000000 219.000000 231.000000
034338.jpg 838.500000 56.000000 213.000000 222.000000
034339.jpg 664.500000 59.000000 210.000000 216.000000
034340.jpg 475.500000 62.000000 228.000000 234.000000
034341.jpg 304.500000 74.000000 213.000000 225.000000
034342.jpg 139.500000 86.000000 207.000000 219.000000
034343.jpg 4.500000 92.000000 180.000000 201.000000
