033426.jpg 1339.500000 230.000000 60.000000 57.000000
033427.jpg 1345.500000 227.000000 57.000000 57.000000
033428.jpg 1348.500000 230.000000 57.000000 60.000000
033429.jpg 1351.500000 218.000000 63.000000 63.000000
033430.jpg 1357.500000 215.000000 57.000000 63.000000
033431.jpg 1357.500000 215.000000 63.000000 72.000000
033432.jpg 1360.500000 224.000000 60.000000 66.000000
033433.jpg 1363.500000 224.000000 63.000000 66.000000
033434.jpg 1363.500000 221.000000 69.000000 69.000000
033435.jpg 1366.500000 212.000000 66.000000 69.000000
033436.jpg 1369.500000 221.000000 72.000000 69.000000
033437.jpg 1369.500000 224.000000 72.000000 78.000000
033438.jpg 1378.500000 233.000000 75.000000 75.000000
033439.jpg 1384.500000 233.000000 81.000000 78.000000
033440.jpg 1399.500000 233.000000 78.000000 75.000000
033441.jpg 1408.500000 239.000000 81.000000 84.000000
033442.jpg 1423.500000 239.000000 78.000000 87.000000
033443.jpg 1435.500000 242.000000 84.000000 84.000000
033444.jpg 1453.500000 245.000000 90.000000 87.000000
033445.jpg 1468.500000 239.000000 93.000000 93.000000
033446.jpg 1492.500000 236.000000 99.000000 87.000000
033447.jpg 1510.500000 230.000000 102.000000 99.000000
033448.jpg 1534.500000 227.000000 90.000000 96.000000
