006729.jpg 1312.500000 116.000000 66.000000 60.000000
006734.jpg 1192.500000 113.000000 66.000000 66.000000
006736.jpg 1141.500000 113.000000 63.000000 63.000000
006737.jpg 1084.500000 110.000000 60.000000 60.000000
006738.jpg 1033.500000 104.000000 54.000000 66.000000
006739.jpg 976.500000 110.000000 51.000000 57.000000
006740.jpg 916.500000 110.000000 51.000000 60.000000
006741.jpg 847.500000 110.000000 54.000000 60.000000
006742.jpg 790.500000 122.000000 51.000000 57.000000
006743.jpg 655.500000 125.000000 51.000000 60.000000
006745.jpg 589.500000 125.000000 57.000000 60.000000
006746.jpg 523.500000 122.000000 51.000000 57.000000
006747.jpg 463.500000 134.000000 48.000000 57.000000
006748.jpg 322.500000 143.000000 51.000000 57.000000
006750.jpg 253.500000 146.000000 51.000000 63.000000
016371.jpg 1084.500000 197.000000 36.000000 42.000000
016373.jpg 1120.500000 188.000000 48.000000 51.000000
016377.jpg 1135.500000 182.000000 42.000000 48.000000
016378.jpg 1144.500000 185.000000 48.000000 48.000000
016379.jpg 1159.500000 182.000000 48.000000 48.000000
016380.jpg 1174.500000 179.000000 54.000000 57.000000
016381.jpg 1186.500000 173.000000 60.000000 66.000000
016382.jpg 1201.500000 173.000000 66.000000 66.000000
016383.jpg 1225.500000 167.000000 63.000000 75.000000
016384.jpg 1267.500000 161.000000 69.000000 78.000000
016386.jpg 1288.500000 158.000000 72.000000 81.000000
016387.jpg 1384.500000 143.000000 81.000000 93.000000
016390.jpg 1423.500000 134.000000 99.000000 99.000000
016391.jpg 1468.500000 122.000000 111.000000 111.000000
016392.jpg 1513.500000 113.000000 114.000000 111.000000
