015680.jpg 1486.500000 290.000000 132.000000 126.000000
015681.jpg 1408.500000 287.000000 117.000000 117.000000
015683.jpg 1378.500000 287.000000 111.000000 111.000000
015684.jpg 1342.500000 296.000000 105.000000 111.000000
015685.jpg 1312.500000 299.000000 105.000000 102.000000
015686.jpg 1285.500000 302.000000 99.000000 102.000000
015687.jpg 1234.500000 308.000000 93.000000 93.000000
015689.jpg 1213.500000 308.000000 87.000000 87.000000
015690.jpg 1192.500000 305.000000 87.000000 87.000000
015691.jpg 1177.500000 305.000000 78.000000 84.000000
015692.jpg 1159.500000 311.000000 81.000000 84.000000
015693.jpg 1156.500000 320.000000 72.000000 81.000000
015694.jpg 1147.500000 326.000000 72.000000 75.000000
015695.jpg 1141.500000 323.000000 75.000000 84.000000
015696.jpg 1144.500000 329.000000 69.000000 75.000000
015697.jpg 1147.500000 329.000000 66.000000 69.000000
