034993.jpg 442.500000 161.000000 33.000000 33.000000
034994.jpg 418.500000 164.000000 33.000000 33.000000
034995.jpg 385.500000 161.000000 36.000000 36.000000
034996.jpg 358.500000 155.000000 30.000000 36.000000
034997.jpg 322.500000 149.000000 36.000000 36.000000
034998.jpg 283.500000 149.000000 42.000000 42.000000
034999.jpg 250.500000 143.000000 36.000000 39.000000
035000.jpg 211.500000 140.000000 39.000000 36.000000
035001.jpg 163.500000 134.000000 42.000000 42.000000
035002.jpg 115.500000 125.000000 45.000000 42.000000
035003.jpg 58.500000 122.000000 51.000000 42.000000
035004.jpg 4.500000 119.000000 42.000000 45.000000
035005.jpg    
035006.jpg    
035007.jpg    
035008.jpg    
035009.jpg    
