000908.jpg 1.500000 74.000000 105.000000 117.000000
000909.jpg 40.500000 71.000000 108.000000 105.000000
000910.jpg 121.500000 68.000000 105.000000 105.000000
000912.jpg 157.500000 71.000000 108.000000 105.000000
000913.jpg 187.500000 77.000000 105.000000 105.000000
000914.jpg 307.500000 86.000000 96.000000 99.000000
000917.jpg 340.500000 89.000000 105.000000 102.000000
000918.jpg 418.500000 98.000000 99.000000 99.000000
000920.jpg 466.500000 101.000000 93.000000 102.000000
000921.jpg 505.500000 104.000000 90.000000 102.000000
000922.jpg 724.500000 116.000000 96.000000 96.000000
000928.jpg 790.500000 125.000000 84.000000 96.000000
000930.jpg 814.500000 119.000000 84.000000 96.000000
000931.jpg 856.500000 122.000000 87.000000 90.000000
000934.jpg 868.500000 116.000000 75.000000 99.000000
000935.jpg 868.500000 122.000000 75.000000 93.000000
000936.jpg 862.500000 131.000000 75.000000 105.000000
000938.jpg 847.500000 134.000000 81.000000 105.000000
000939.jpg 823.500000 128.000000 75.000000 111.000000
000941.jpg 808.500000 134.000000 69.000000 102.000000
000942.jpg 700.500000 119.000000 60.000000 108.000000
000946.jpg 622.500000 119.000000 48.000000 105.000000
000948.jpg 574.500000 122.000000 48.000000 99.000000
000949.jpg 520.500000 116.000000 51.000000 114.000000
000950.jpg 349.500000 122.000000 42.000000 114.000000
