034455.jpg 1420.500000 53.000000 207.000000 258.000000
034456.jpg 1354.500000 92.000000 228.000000 222.000000
034457.jpg 1306.500000 122.000000 186.000000 204.000000
034458.jpg 1255.500000 143.000000 174.000000 189.000000
034459.jpg 1213.500000 170.000000 165.000000 165.000000
034460.jpg 1180.500000 176.000000 150.000000 165.000000
034461.jpg 1144.500000 194.000000 147.000000 144.000000
034462.jpg 1126.500000 206.000000 129.000000 135.000000
034463.jpg 1105.500000 221.000000 117.000000 123.000000
034464.jpg 1075.500000 233.000000 123.000000 123.000000
034465.jpg 1060.500000 239.000000 114.000000 114.000000
034466.jpg 1048.500000 239.000000 105.000000 108.000000
034467.jpg 1024.500000 248.000000 108.000000 99.000000
