013274.jpg 1539.750000 394.250000 72.000000 105.000000
013275.jpg 1469.250000 398.750000 64.500000 88.500000
013277.jpg 1436.250000 389.750000 64.500000 90.000000
013278.jpg 1410.750000 380.750000 58.500000 88.500000
013279.jpg 1388.250000 382.250000 52.500000 78.000000
013280.jpg 1367.250000 382.250000 54.000000 73.500000
013281.jpg 1349.250000 377.750000 57.000000 72.000000
013282.jpg 1328.250000 371.750000 55.500000 70.500000
013283.jpg 1319.250000 376.250000 49.500000 67.500000
013284.jpg 1302.750000 371.750000 48.000000 67.500000
013285.jpg 1293.750000 373.250000 49.500000 70.500000
013286.jpg 1280.250000 365.750000 45.000000 64.500000
