005258.jpg 1579.500000 236.000000 45.000000 54.000000
005259.jpg 1549.500000 233.000000 60.000000 60.000000
005260.jpg 1525.500000 236.000000 54.000000 57.000000
005261.jpg 1504.500000 236.000000 57.000000 60.000000
005262.jpg 1480.500000 233.000000 54.000000 51.000000
005263.jpg 1459.500000 233.000000 57.000000 57.000000
005264.jpg 1441.500000 230.000000 57.000000 63.000000
005265.jpg 1423.500000 230.000000 51.000000 54.000000
005266.jpg 1408.500000 230.000000 54.000000 63.000000
005267.jpg 1384.500000 227.000000 54.000000 60.000000
005268.jpg 1372.500000 233.000000 51.000000 60.000000
005269.jpg 1354.500000 233.000000 57.000000 63.000000
005270.jpg 1342.500000 233.000000 51.000000 60.000000
005271.jpg 1324.500000 233.000000 54.000000 60.000000
005272.jpg 1312.500000 233.000000 51.000000 60.000000
005273.jpg 1300.500000 233.000000 54.000000 63.000000
005274.jpg 1282.500000 227.000000 60.000000 69.000000
005275.jpg 1273.500000 230.000000 54.000000 60.000000
005276.jpg 1264.500000 230.000000 51.000000 63.000000
005277.jpg 1252.500000 230.000000 51.000000 60.000000
005278.jpg 1243.500000 233.000000 57.000000 63.000000
005279.jpg 1234.500000 230.000000 51.000000 66.000000
005280.jpg 1225.500000 233.000000 57.000000 57.000000
005281.jpg 1213.500000 227.000000 63.000000 66.000000
005282.jpg 1213.500000 233.000000 51.000000 57.000000
005283.jpg 1204.500000 233.000000 57.000000 63.000000
005284.jpg 1195.500000 230.000000 54.000000 72.000000
005285.jpg 1192.500000 236.000000 57.000000 60.000000
005286.jpg 1183.500000 233.000000 60.000000 60.000000
005287.jpg 1186.500000 236.000000 54.000000 63.000000
005288.jpg 1180.500000 236.000000 51.000000 63.000000
005289.jpg 1177.500000 236.000000 51.000000 57.000000
005290.jpg 1171.500000 233.000000 54.000000 66.000000
005291.jpg 1171.500000 233.000000 54.000000 66.000000
005292.jpg 1165.500000 233.000000 60.000000 66.000000
005293.jpg 1159.500000 227.000000 63.000000 72.000000
005294.jpg 1159.500000 230.000000 57.000000 63.000000
005295.jpg 1162.500000 233.000000 54.000000 66.000000
005296.jpg 1159.500000 233.000000 57.000000 66.000000
005297.jpg 1159.500000 230.000000 54.000000 69.000000
005298.jpg 1156.500000 230.000000 54.000000 69.000000
005299.jpg 1156.500000 233.000000 60.000000 66.000000
005300.jpg 1153.500000 230.000000 60.000000 66.000000
005301.jpg 1156.500000 230.000000 57.000000 69.000000
005302.jpg 1156.500000 230.000000 54.000000 66.000000
005303.jpg 1153.500000 233.000000 60.000000 69.000000
005304.jpg 1159.500000 233.000000 54.000000 66.000000
005305.jpg 1153.500000 233.000000 60.000000 66.000000
005306.jpg 1153.500000 233.000000 60.000000 69.000000
005307.jpg 1156.500000 236.000000 54.000000 66.000000
005308.jpg 1159.500000 236.000000 51.000000 69.000000
005309.jpg 1156.500000 236.000000 54.000000 66.000000
005310.jpg 1159.500000 236.000000 54.000000 60.000000
005311.jpg 1153.500000 233.000000 66.000000 66.000000
005312.jpg 1156.500000 230.000000 60.000000 72.000000
005313.jpg 1156.500000 230.000000 57.000000 69.000000
005314.jpg 1153.500000 233.000000 60.000000 63.000000
005315.jpg 1153.500000 230.000000 60.000000 66.000000
005316.jpg 1159.500000 236.000000 54.000000 60.000000
005317.jpg 1153.500000 233.000000 63.000000 66.000000
005318.jpg 1156.500000 230.000000 60.000000 69.000000
005319.jpg 1156.500000 233.000000 60.000000 69.000000
005320.jpg 1153.500000 230.000000 60.000000 69.000000
005321.jpg 1156.500000 236.000000 60.000000 66.000000
005322.jpg 1150.500000 233.000000 66.000000 69.000000
005323.jpg 1153.500000 233.000000 66.000000 72.000000
005324.jpg 1153.500000 233.000000 60.000000 72.000000
005325.jpg 1153.500000 233.000000 60.000000 69.000000
005326.jpg 1150.500000 233.000000 66.000000 66.000000
005327.jpg 1147.500000 233.000000 60.000000 66.000000
005328.jpg 1144.500000 239.000000 57.000000 69.000000
005329.jpg 1141.500000 236.000000 60.000000 66.000000
005330.jpg 1135.500000 236.000000 63.000000 63.000000
005331.jpg 1135.500000 239.000000 54.000000 66.000000
005332.jpg 1126.500000 230.000000 60.000000 66.000000
005333.jpg 1120.500000 236.000000 63.000000 63.000000
005334.jpg 1117.500000 233.000000 57.000000 69.000000
005335.jpg 1105.500000 233.000000 63.000000 72.000000
005336.jpg 1093.500000 233.000000 66.000000 66.000000
005337.jpg 1084.500000 227.000000 66.000000 69.000000
005338.jpg 1072.500000 221.000000 63.000000 66.000000
005339.jpg 1057.500000 218.000000 72.000000 75.000000
005340.jpg 1045.500000 212.000000 69.000000 75.000000
005341.jpg 1030.500000 212.000000 72.000000 69.000000
005342.jpg 1012.500000 206.000000 75.000000 75.000000
005343.jpg 1000.500000 200.000000 66.000000 72.000000
005344.jpg 979.500000 200.000000 72.000000 69.000000
005345.jpg 961.500000 188.000000 72.000000 78.000000
005346.jpg 934.500000 188.000000 81.000000 78.000000
005347.jpg 922.500000 179.000000 72.000000 78.000000
005348.jpg 895.500000 176.000000 72.000000 81.000000
005349.jpg 871.500000 170.000000 72.000000 84.000000
005350.jpg 841.500000 170.000000 78.000000 81.000000
005351.jpg 808.500000 164.000000 78.000000 84.000000
005352.jpg 778.500000 164.000000 81.000000 87.000000
005353.jpg 739.500000 164.000000 84.000000 84.000000
005354.jpg 691.500000 167.000000 84.000000 81.000000
005355.jpg 646.500000 161.000000 81.000000 96.000000
005356.jpg 595.500000 167.000000 93.000000 102.000000
005357.jpg 538.500000 170.000000 93.000000 102.000000
005358.jpg 475.500000 167.000000 93.000000 105.000000
005359.jpg 409.500000 176.000000 102.000000 105.000000
005360.jpg 343.500000 179.000000 102.000000 117.000000
005361.jpg 265.500000 182.000000 111.000000 120.000000
005362.jpg 193.500000 182.000000 111.000000 126.000000
005363.jpg 103.500000 179.000000 117.000000 135.000000
005364.jpg 4.500000 179.000000 123.000000 141.000000
