033507.jpg    
033508.jpg    
033509.jpg 13.500000 53.000000 144.000000 177.000000
033510.jpg 97.500000 56.000000 138.000000 162.000000
033511.jpg 190.500000 59.000000 129.000000 162.000000
033512.jpg 280.500000 56.000000 120.000000 153.000000
033513.jpg 379.500000 50.000000 111.000000 168.000000
033514.jpg 475.500000 47.000000 108.000000 162.000000
033515.jpg 583.500000 47.000000 96.000000 168.000000
033516.jpg 697.500000 59.000000 93.000000 159.000000
033517.jpg 802.500000 56.000000 87.000000 159.000000
033518.jpg 919.500000 62.000000 78.000000 159.000000
033519.jpg 1036.500000 65.000000 69.000000 156.000000
033520.jpg 1147.500000 77.000000 69.000000 162.000000
033521.jpg 1258.500000 89.000000 66.000000 147.000000
033522.jpg 1375.500000 92.000000 60.000000 159.000000
033523.jpg 1486.500000 98.000000 63.000000 156.000000
033524.jpg    
