023069.jpg 1551.116129 344.387097 53.825806 91.703226
023070.jpg 1501.277419 346.380645 55.819355 89.709677
023071.jpg 1461.406452 350.367742 47.845161 77.748387
023072.jpg 1421.535484 346.380645 51.832258 81.735484
023073.jpg 1383.658065 350.367742 53.825806 73.761290
023074.jpg 1357.741935 350.367742 45.851613 71.767742
023075.jpg 1333.819355 348.374194 43.858065 73.761290
023076.jpg 1305.909677 350.367742 43.858065 65.787097
023077.jpg 1281.987097 348.374194 47.845161 63.793548
023078.jpg 1270.025806 350.367742 35.883871 53.825806
023079.jpg 1252.083871 352.361290 31.896774 55.819355
