013877.jpg 1554.750000 385.250000 73.500000 111.000000
013879.jpg 1485.750000 386.750000 66.000000 99.000000
013880.jpg 1431.750000 385.250000 58.500000 85.500000
013881.jpg 1383.750000 377.750000 52.500000 84.000000
013882.jpg 1340.250000 374.750000 48.000000 79.500000
013883.jpg 1302.750000 373.250000 48.000000 76.500000
013884.jpg 1269.750000 374.750000 48.000000 72.000000
013885.jpg 1239.750000 373.250000 48.000000 69.000000
013886.jpg 1215.750000 374.750000 42.000000 64.500000
013887.jpg 1190.250000 374.750000 39.000000 57.000000
