005155.jpg 430.741935 119.116129 89.709677 87.716129
005156.jpg 414.793548 111.141935 91.703226 91.703226
005157.jpg 398.845161 115.129032 97.683871 89.709677
005158.jpg 388.877419 119.116129 91.703226 93.696774
005159.jpg 368.941935 115.129032 99.677419 97.683871
005160.jpg 352.993548 103.167742 107.651613 103.664516
005161.jpg 335.051613 95.193548 113.632258 111.638710
005162.jpg 313.122581 91.206452 121.606452 115.625806
005163.jpg 297.174194 85.225806 121.606452 125.593548
005164.jpg 271.258065 79.245161 127.587097 127.587097
005165.jpg 245.341935 67.283871 131.574194 139.548387
005166.jpg 215.438710 59.309677 141.541935 145.529032
005167.jpg 177.561290 53.329032 153.503226 153.503226
005168.jpg 145.664516 39.374194 157.490323 163.470968
005169.jpg 103.800000 31.400000 171.445161 165.464516
005170.jpg 51.967742 13.458065 191.380645 177.425806
