013985.jpg 1507.283193 350.526891 97.633613 145.411765
013987.jpg 1435.490323 354.354839 79.741935 127.587097
013988.jpg 1363.722581 354.354839 77.748387 115.625806
013989.jpg 1313.883871 358.341935 69.774194 107.651613
013990.jpg 1266.038710 368.309677 69.774194 93.696774
013991.jpg 1228.161290 366.316129 63.793548 93.696774
013992.jpg 1196.264516 370.303226 57.812903 87.716129
013993.jpg 1164.367742 374.290323 59.806452 85.722581
013994.jpg 1140.445161 372.296774 51.832258 77.748387
013995.jpg 1114.529032 374.290323 49.838710 67.780645
013996.jpg 1096.587097 372.296774 47.845161 71.767742
013997.jpg 1074.658065 372.296774 41.864516 69.774194
