005955.jpg 1507.500000 329.000000 117.000000 150.000000
005958.jpg 1480.500000 326.000000 120.000000 153.000000
005959.jpg 1462.500000 335.000000 114.000000 135.000000
005960.jpg 1435.500000 332.000000 114.000000 138.000000
005961.jpg 1387.500000 338.000000 102.000000 117.000000
005964.jpg 1354.500000 341.000000 93.000000 117.000000
005966.jpg 1339.500000 344.000000 93.000000 105.000000
005967.jpg 1312.500000 350.000000 90.000000 99.000000
005969.jpg 1285.500000 350.000000 84.000000 93.000000
005971.jpg 1279.500000 347.000000 75.000000 96.000000
005972.jpg 1225.500000 353.000000 66.000000 72.000000
005978.jpg 1213.500000 347.000000 66.000000 87.000000
005979.jpg 1201.500000 356.000000 75.000000 78.000000
005980.jpg 1186.500000 353.000000 72.000000 81.000000
005983.jpg 1180.500000 350.000000 66.000000 81.000000
005984.jpg 1171.500000 350.000000 66.000000 75.000000
005986.jpg 1168.500000 356.000000 63.000000 75.000000
005987.jpg 1159.500000 353.000000 66.000000 69.000000
005990.jpg 1165.500000 350.000000 60.000000 81.000000
005991.jpg 1162.500000 350.000000 63.000000 84.000000
005994.jpg 1177.500000 353.000000 57.000000 69.000000
005997.jpg 1210.500000 350.000000 48.000000 63.000000
006000.jpg 1216.500000 350.000000 54.000000 63.000000
006001.jpg 1240.500000 353.000000 57.000000 69.000000
