034297.jpg 1354.500000 344.000000 249.000000 267.000000
034298.jpg 1279.500000 347.000000 225.000000 231.000000
034299.jpg 1225.500000 350.000000 195.000000 201.000000
034300.jpg 1180.500000 359.000000 180.000000 180.000000
034301.jpg 1144.500000 365.000000 168.000000 165.000000
034302.jpg 1123.500000 368.000000 144.000000 141.000000
034303.jpg 1102.500000 362.000000 135.000000 144.000000
034304.jpg 1084.500000 362.000000 126.000000 138.000000
034305.jpg 1069.500000 365.000000 117.000000 123.000000
034306.jpg 1057.500000 368.000000 111.000000 114.000000
034307.jpg 1051.500000 371.000000 102.000000 99.000000
034308.jpg 1042.500000 365.000000 96.000000 105.000000
034309.jpg 1039.500000 371.000000 84.000000 90.000000
034310.jpg 1027.500000 368.000000 87.000000 90.000000
034311.jpg 1024.500000 368.000000 81.000000 84.000000
