resized1.png    
resized10.png    
resized100.png 318.411464 124.875709 17.434733 17.979569
resized101.png 315.142452 125.420545 18.524404 17.979569
resized102.png 312.963110 124.875709 17.979569 17.434733
resized103.png 311.873439 124.875709 17.979569 17.434733
resized104.png 312.963110 124.875709 19.069240 17.434733
resized105.png 316.232123 124.875709 18.524404 17.979569
resized106.png 322.225312 124.330874 17.434733 16.889898
resized107.png 329.853008 123.786039 18.524404 17.979569
resized108.png 337.480704 121.606697 17.979569 19.069240
resized109.png 344.563564 121.061862 19.614075 18.524404
resized11.png    
resized110.png 352.191260 121.061862 20.158910 18.524404
resized111.png 359.274120 119.972191 19.614075 18.524404
resized112.png 366.356981 119.972191 20.158910 18.524404
resized113.png 371.260499 118.882520 20.703746 19.069240
resized114.png 375.074347 118.337684 21.248581 19.614075
resized115.png 377.253689 117.248014 20.703746 19.614075
resized116.png 376.164018 116.703178 21.248581 20.158910
resized117.png 376.708854 116.703178 20.703746 19.614075
resized118.png 376.708854 116.703178 20.703746 19.069240
resized119.png 377.798524 116.158343 20.703746 20.158910
resized12.png    
resized120.png 381.000000 116.000000 22.000000 20.000000
resized121.png 385.000000 116.000000 21.000000 20.000000
resized122.png 386.000000 115.000000 22.000000 21.000000
resized123.png 385.000000 116.000000 22.000000 20.000000
resized124.png 382.702043 115.613507 21.248581 20.158910
resized125.png 382.157208 116.158343 21.793417 20.158910
resized126.png 383.246879 116.703178 21.793417 19.614075
resized127.png 383.000000 117.000000 22.000000 19.000000
resized128.png 382.000000 117.000000 23.000000 21.000000
resized129.png 381.000000 117.000000 22.000000 20.000000
resized13.png
resized130.png 379.000000 118.000000 20.000000 20.000000
resized131.png 378.000000 117.000000 20.000000 20.000000
resized132.png 379.000000 118.000000 20.000000 19.000000
resized133.png 382.000000 117.000000 21.000000 20.000000
resized134.png 388.000000 117.000000 23.000000 20.000000
resized135.png 405.000000 117.000000 23.000000 20.000000
resized136.png 414.000000 117.000000 25.000000 21.000000
resized137.png 417.000000 117.000000 23.000000 20.000000
resized138.png 412.000000 117.000000 24.000000 21.000000
resized139.png 404.000000 118.000000 24.000000 20.000000
resized14.png    
resized140.png 399.000000 118.000000 23.000000 20.000000
resized141.png 396.000000 119.000000 21.000000 19.000000
resized142.png 394.000000 118.000000 21.000000 20.000000
resized143.png 394.000000 117.000000 22.000000 25.000000
resized144.png 397.000000 118.000000 23.000000 20.000000
resized145.png 397.000000 118.000000 24.000000 21.000000
resized146.png 399.000000 118.000000 20.000000 19.000000
resized147.png 394.000000 118.000000 22.000000 21.000000
resized148.png 388.000000 119.000000 21.000000 20.000000
resized149.png 384.000000 118.000000 22.000000 20.000000
resized15.png    
resized150.png 380.000000 118.000000 22.000000 21.000000
resized151.png 379.000000 119.000000 22.000000 20.000000
resized152.png 378.000000 118.000000 21.000000 21.000000
resized153.png 377.000000 119.000000 22.000000 19.000000
resized154.png 374.000000 119.000000 22.000000 18.000000
resized155.png 370.000000 118.000000 21.000000 20.000000
resized156.png 366.000000 118.000000 21.000000 20.000000
resized157.png 362.000000 118.000000 21.000000 20.000000
resized158.png 359.000000 117.000000 21.000000 20.000000
resized159.png 356.000000 116.000000 21.000000 20.000000
resized16.png    
resized160.png 352.000000 116.000000 21.000000 20.000000
resized161.png 346.000000 116.000000 21.000000 19.000000
resized162.png 340.000000 115.000000 20.000000 20.000000
resized163.png 334.000000 116.000000 20.000000 19.000000
resized164.png 326.000000 116.000000 21.000000 19.000000
resized165.png 323.000000 115.000000 18.000000 19.000000
resized166.png 316.000000 116.000000 19.000000 18.000000
resized167.png 312.000000 116.000000 18.000000 19.000000
resized168.png 306.000000 116.000000 19.000000 18.000000
resized169.png 300.000000 116.000000 21.000000 19.000000
resized17.png    
resized170.png 295.000000 116.000000 18.000000 18.000000
resized171.png 291.000000 116.000000 19.000000 18.000000
resized172.png 286.000000 116.000000 19.000000 17.000000
resized173.png 282.000000 114.000000 18.000000 19.000000
resized174.png 280.000000 114.000000 19.000000 18.000000
resized175.png 278.000000 113.000000 17.000000 20.000000
resized176.png 275.000000 112.000000 19.000000 19.000000
resized177.png 272.000000 112.000000 19.000000 19.000000
resized178.png 271.000000 112.000000 17.000000 18.000000
resized179.png 267.000000 111.000000 17.000000 19.000000
resized18.png    
resized180.png 263.000000 111.000000 18.000000 17.000000
resized181.png 260.000000 110.000000 18.000000 19.000000
resized182.png 256.000000 109.000000 18.000000 20.000000
resized183.png 252.000000 109.000000 19.000000 19.000000
resized184.png 249.000000 109.000000 19.000000 19.000000
resized185.png 248.000000 108.000000 17.000000 19.000000
resized186.png 245.000000 108.000000 19.000000 19.000000
resized187.png 246.000000 108.000000 17.000000 18.000000
resized188.png 245.000000 108.000000 17.000000 17.000000
resized189.png 243.000000 108.000000 19.000000 18.000000
resized19.png    
resized190.png 240.000000 109.000000 19.000000 17.000000
resized191.png 239.000000 108.000000 17.000000 18.000000
resized192.png 237.000000 107.000000 17.000000 18.000000
resized193.png 235.000000 107.000000 18.000000 19.000000
resized194.png 234.000000 107.000000 18.000000 19.000000
resized195.png 233.000000 107.000000 18.000000 19.000000
resized196.png 235.000000 107.000000 18.000000 20.000000
resized197.png 237.000000 106.000000 18.000000 20.000000
resized198.png 238.000000 108.000000 17.000000 18.000000
resized199.png 238.000000 108.000000 17.000000 18.000000
resized2.png    
resized20.png    
resized200.png 237.000000 107.000000 16.000000 20.000000
resized201.png 233.000000 107.000000 19.000000 19.000000
resized202.png 232.000000 107.000000 17.000000 20.000000
resized203.png 231.000000 107.000000 18.000000 20.000000
resized204.png 230.000000 108.000000 18.000000 19.000000
resized205.png 231.000000 107.000000 18.000000 18.000000
resized206.png 232.000000 107.000000 18.000000 18.000000
resized207.png 230.000000 106.000000 20.000000 20.000000
resized208.png 231.000000 107.000000 18.000000 19.000000
resized209.png 230.000000 106.000000 19.000000 21.000000
resized21.png    
resized210.png 231.000000 110.000000 17.000000 17.000000
resized211.png 233.000000 107.000000 18.000000 18.000000
resized212.png 236.000000 107.000000 18.000000 19.000000
resized213.png 237.000000 107.000000 18.000000 18.000000
resized214.png 237.000000 109.000000 18.000000 19.000000
resized215.png 237.000000 110.000000 18.000000 18.000000
resized216.png 234.000000 110.000000 18.000000 19.000000
resized217.png 233.000000 110.000000 18.000000 20.000000
resized218.png 232.000000 112.000000 18.000000 20.000000
resized219.png 231.000000 113.000000 18.000000 19.000000
resized22.png    
resized220.png 232.000000 113.000000 19.000000 19.000000
resized221.png 233.000000 115.000000 19.000000 19.000000
resized222.png 234.000000 115.000000 19.000000 20.000000
resized223.png 233.000000 116.000000 22.000000 19.000000
resized224.png 234.000000 117.000000 20.000000 19.000000
resized225.png 234.000000 115.000000 20.000000 20.000000
resized226.png 237.000000 118.000000 20.000000 19.000000
resized227.png 239.000000 118.000000 18.000000 19.000000
resized228.png 236.000000 118.000000 20.000000 21.000000
resized229.png 237.000000 119.000000 17.000000 19.000000
resized23.png    
resized230.png 238.000000 119.000000 17.000000 19.000000
resized231.png 237.000000 119.000000 19.000000 19.000000
resized232.png 238.000000 119.000000 20.000000 18.000000
resized233.png 240.000000 119.000000 18.000000 19.000000
resized234.png 239.000000 120.000000 20.000000 18.000000
resized235.png 242.000000 118.000000 19.000000 20.000000
resized236.png 245.000000 119.000000 18.000000 18.000000
resized237.png 245.000000 119.000000 20.000000 18.000000
resized238.png 248.000000 118.000000 19.000000 18.000000
resized239.png 248.000000 118.000000 22.000000 20.000000
resized24.png    
resized240.png 251.000000 118.000000 19.000000 20.000000
resized241.png 251.000000 118.000000 20.000000 20.000000
resized242.png 251.000000 118.000000 20.000000 20.000000
resized243.png 253.000000 118.000000 20.000000 20.000000
resized244.png 254.000000 118.000000 18.000000 21.000000
resized245.png 254.000000 118.000000 19.000000 19.000000
resized246.png 255.000000 119.000000 20.000000 20.000000
resized247.png 255.000000 119.000000 18.000000 21.000000
resized248.png 253.000000 121.000000 18.000000 19.000000
resized249.png 251.000000 119.000000 20.000000 21.000000
resized25.png    
resized250.png 252.000000 120.000000 20.000000 21.000000
resized251.png 253.000000 121.000000 20.000000 20.000000
resized252.png 251.000000 121.000000 20.000000 20.000000
resized253.png 249.000000 122.000000 21.000000 20.000000
resized254.png 249.000000 122.000000 19.000000 21.000000
resized255.png 247.000000 122.000000 22.000000 20.000000
resized256.png 248.000000 123.000000 18.000000 19.000000
resized257.png 244.000000 123.000000 21.000000 19.000000
resized258.png 243.000000 122.000000 20.000000 21.000000
resized259.png 241.000000 123.000000 19.000000 19.000000
resized26.png    
resized260.png 238.000000 122.000000 21.000000 19.000000
resized261.png 237.000000 122.000000 20.000000 20.000000
resized262.png 236.000000 121.000000 20.000000 21.000000
resized263.png 233.000000 121.000000 22.000000 23.000000
resized264.png 234.000000 122.000000 18.000000 19.000000
resized265.png 231.000000 121.000000 20.000000 19.000000
resized266.png 229.000000 120.000000 19.000000 20.000000
resized267.png 225.000000 119.000000 19.000000 19.000000
resized268.png 223.000000 120.000000 20.000000 18.000000
resized269.png 222.000000 119.000000 21.000000 19.000000
resized27.png    
resized270.png 222.000000 119.000000 21.000000 18.000000
resized271.png 222.000000 118.000000 21.000000 19.000000
resized272.png 223.000000 117.000000 19.000000 17.000000
resized273.png 221.000000 116.000000 20.000000 23.000000
resized274.png 218.000000 116.000000 23.000000 21.000000
resized275.png 220.000000 117.000000 21.000000 18.000000
resized276.png 222.000000 115.000000 21.000000 20.000000
resized277.png 221.000000 115.000000 22.000000 19.000000
resized278.png 223.000000 115.000000 21.000000 19.000000
resized279.png 221.000000 115.000000 21.000000 21.000000
resized28.png    
resized280.png 220.000000 114.000000 23.000000 22.000000
resized281.png 218.000000 114.000000 24.000000 21.000000
resized282.png 218.000000 114.000000 25.000000 22.000000
resized283.png 219.000000 113.000000 24.000000 21.000000
resized284.png 221.000000 113.000000 22.000000 23.000000
resized285.png 219.000000 114.000000 22.000000 21.000000
resized286.png 219.000000 114.000000 20.000000 21.000000
resized287.png 219.000000 115.000000 21.000000 20.000000
resized288.png 219.000000 114.000000 22.000000 21.000000
resized289.png 221.000000 115.000000 20.000000 20.000000
resized29.png    
resized290.png 220.000000 115.000000 22.000000 20.000000
resized291.png 221.000000 114.000000 21.000000 21.000000
resized292.png 223.000000 116.000000 21.000000 20.000000
resized293.png 227.000000 114.000000 21.000000 22.000000
resized294.png 231.000000 115.000000 21.000000 20.000000
resized295.png 234.000000 114.000000 22.000000 21.000000
resized296.png 238.000000 115.000000 22.000000 20.000000
resized297.png 239.000000 114.000000 23.000000 21.000000
resized298.png 240.000000 115.000000 23.000000 22.000000
resized299.png 241.000000 115.000000 22.000000 21.000000
resized3.png    
resized30.png    
resized300.png 244.000000 116.000000 23.000000 21.000000
resized301.png 248.000000 116.000000 22.000000 21.000000
resized302.png 253.000000 116.000000 23.000000 23.000000
resized303.png 257.000000 118.000000 24.000000 21.000000
resized304.png 264.000000 119.000000 21.000000 22.000000
resized305.png 265.000000 119.000000 23.000000 23.000000
resized306.png 265.000000 120.000000 23.000000 22.000000
resized307.png 265.000000 121.000000 24.000000 22.000000
resized308.png 268.000000 120.000000 22.000000 23.000000
resized309.png 267.000000 120.000000 24.000000 24.000000
resized31.png    
resized310.png 270.000000 122.000000 22.000000 24.000000
resized311.png 270.000000 123.000000 24.000000 22.000000
resized312.png 273.000000 124.000000 22.000000 20.000000
resized313.png 275.000000 123.000000 24.000000 23.000000
resized314.png 280.000000 125.000000 22.000000 22.000000
resized315.png 282.000000 125.000000 24.000000 23.000000
resized316.png 284.000000 126.000000 24.000000 22.000000
resized317.png 285.000000 128.000000 24.000000 22.000000
resized318.png 284.000000 128.000000 25.000000 22.000000
resized319.png 286.000000 128.000000 22.000000 23.000000
resized32.png    
resized320.png 285.000000 130.000000 22.000000 21.000000
resized321.png 286.000000 130.000000 21.000000 22.000000
resized322.png 286.000000 131.000000 22.000000 22.000000
resized323.png 288.000000 132.000000 22.000000 21.000000
resized324.png 288.000000 133.000000 22.000000 20.000000
resized325.png 289.000000 133.000000 23.000000 21.000000
resized326.png 291.000000 134.000000 22.000000 21.000000
resized327.png 291.000000 134.000000 22.000000 22.000000
resized328.png 290.000000 135.000000 21.000000 20.000000
resized329.png 290.000000 135.000000 21.000000 22.000000
resized33.png    
resized330.png 290.000000 136.000000 22.000000 21.000000
resized331.png 290.000000 137.000000 22.000000 20.000000
resized332.png 289.000000 137.000000 22.000000 21.000000
resized333.png 289.000000 137.000000 22.000000 20.000000
resized334.png 288.000000 138.000000 24.000000 21.000000
resized335.png 288.000000 137.000000 20.000000 20.000000
resized336.png 285.000000 137.000000 22.000000 21.000000
resized337.png 283.000000 137.000000 22.000000 20.000000
resized338.png 284.000000 137.000000 20.000000 20.000000
resized339.png 281.000000 136.000000 22.000000 19.000000
resized34.png    
resized340.png 279.000000 136.000000 21.000000 19.000000
resized341.png 277.000000 136.000000 21.000000 19.000000
resized342.png 278.000000 135.000000 20.000000 19.000000
resized343.png 276.000000 135.000000 21.000000 20.000000
resized344.png 276.000000 135.000000 21.000000 19.000000
resized345.png 277.000000 135.000000 21.000000 20.000000
resized346.png 276.000000 134.000000 20.000000 20.000000
resized347.png 276.000000 134.000000 20.000000 19.000000
resized348.png 275.000000 133.000000 19.000000 19.000000
resized349.png 274.000000 133.000000 19.000000 18.000000
resized35.png    
resized350.png 270.000000 132.000000 20.000000 20.000000
resized351.png 266.000000 132.000000 20.000000 18.000000
resized352.png 264.000000 131.000000 19.000000 19.000000
resized353.png 261.000000 130.000000 18.000000 18.000000
resized354.png 257.000000 129.000000 19.000000 18.000000
resized355.png 255.000000 128.000000 18.000000 18.000000
resized356.png 253.000000 127.000000 19.000000 19.000000
resized357.png 251.000000 127.000000 19.000000 19.000000
resized358.png 249.000000 126.000000 21.000000 19.000000
resized359.png 247.000000 126.000000 21.000000 18.000000
resized36.png    
resized360.png 248.000000 125.000000 19.000000 18.000000
resized361.png 247.000000 125.000000 19.000000 17.000000
resized362.png 247.000000 124.000000 19.000000 18.000000
resized363.png 245.000000 123.000000 21.000000 19.000000
resized364.png 244.000000 124.000000 21.000000 16.000000
resized365.png 244.000000 123.000000 19.000000 17.000000
resized366.png 245.000000 121.000000 19.000000 19.000000
resized367.png 243.000000 121.000000 22.000000 20.000000
resized368.png 243.000000 121.000000 20.000000 21.000000
resized369.png 244.000000 121.000000 20.000000 20.000000
resized37.png    
resized370.png 244.000000 121.000000 21.000000 21.000000
resized371.png 245.000000 121.000000 20.000000 18.000000
resized372.png 245.000000 121.000000 20.000000 18.000000
resized373.png 244.000000 120.000000 21.000000 18.000000
resized374.png 244.000000 120.000000 20.000000 18.000000
resized375.png 242.000000 120.000000 20.000000 18.000000
resized376.png 242.000000 120.000000 18.000000 18.000000
resized377.png 241.000000 121.000000 18.000000 17.000000
resized378.png 240.000000 120.000000 20.000000 19.000000
resized379.png 239.000000 120.000000 19.000000 18.000000
resized38.png    
resized380.png 238.000000 119.000000 19.000000 19.000000
resized381.png 239.000000 120.000000 18.000000 18.000000
resized382.png 237.000000 120.000000 20.000000 19.000000
resized383.png 238.000000 119.000000 19.000000 19.000000
resized384.png 237.000000 120.000000 20.000000 19.000000
resized385.png 236.000000 120.000000 20.000000 19.000000
resized386.png 237.000000 121.000000 17.000000 17.000000
resized387.png 233.000000 120.000000 22.000000 20.000000
resized388.png 233.000000 119.000000 17.000000 19.000000
resized389.png 232.000000 120.000000 21.000000 19.000000
resized39.png    
resized390.png 232.000000 120.000000 20.000000 18.000000
resized391.png 233.000000 119.000000 21.000000 20.000000
resized392.png 235.000000 119.000000 19.000000 20.000000
resized393.png 234.000000 119.000000 19.000000 18.000000
resized394.png 236.000000 120.000000 20.000000 17.000000
resized395.png 237.000000 119.000000 18.000000 19.000000
resized396.png 237.000000 119.000000 21.000000 20.000000
resized397.png 235.000000 118.000000 21.000000 19.000000
resized398.png 233.000000 120.000000 21.000000 17.000000
resized399.png 230.000000 117.000000 24.000000 21.000000
resized4.png    
resized40.png    
resized400.png 232.000000 117.000000 20.000000 20.000000
resized401.png 232.000000 116.000000 21.000000 20.000000
resized402.png 234.000000 117.000000 18.000000 19.000000
resized403.png 234.000000 115.000000 22.000000 23.000000
resized404.png 237.000000 116.000000 20.000000 19.000000
resized405.png 236.000000 115.000000 22.000000 20.000000
resized406.png 238.000000 116.000000 21.000000 19.000000
resized407.png 238.000000 115.000000 19.000000 19.000000
resized408.png 237.000000 114.000000 21.000000 21.000000
resized409.png 236.000000 114.000000 21.000000 20.000000
resized41.png    
resized410.png 237.000000 113.000000 22.000000 22.000000
resized411.png 239.000000 114.000000 18.000000 19.000000
resized412.png 236.000000 114.000000 24.000000 20.000000
resized413.png 240.000000 115.000000 20.000000 18.000000
resized414.png 242.000000 114.000000 20.000000 18.000000
resized415.png 244.000000 114.000000 20.000000 18.000000
resized416.png 241.000000 113.000000 25.000000 21.000000
resized417.png 245.000000 114.000000 21.000000 20.000000
resized418.png 244.000000 112.000000 22.000000 21.000000
resized419.png 245.000000 115.000000 18.000000 18.000000
resized42.png    
resized420.png 244.000000 114.000000 22.000000 20.000000
resized421.png 245.000000 113.000000 24.000000 23.000000
resized422.png 248.000000 113.000000 23.000000 22.000000
resized423.png 250.000000 113.000000 22.000000 22.000000
resized424.png 252.000000 114.000000 22.000000 21.000000
resized425.png 252.000000 115.000000 25.000000 23.000000
resized426.png 251.000000 114.000000 26.000000 22.000000
resized427.png 249.000000 113.000000 27.000000 22.000000
resized428.png 251.000000 114.000000 24.000000 20.000000
resized429.png 253.000000 114.000000 24.000000 24.000000
resized43.png    
resized430.png 254.000000 114.000000 22.000000 21.000000
resized431.png 253.000000 115.000000 24.000000 21.000000
resized432.png 253.000000 113.000000 26.000000 24.000000
resized433.png 254.000000 114.000000 24.000000 23.000000
resized434.png 254.000000 113.000000 25.000000 24.000000
resized435.png 255.000000 115.000000 24.000000 24.000000
resized436.png 259.000000 115.000000 21.000000 22.000000
resized437.png 257.000000 115.000000 23.000000 22.000000
resized438.png 255.000000 117.000000 25.000000 20.000000
resized439.png 256.000000 117.000000 24.000000 20.000000
resized44.png    
resized440.png 254.000000 115.000000 25.000000 26.000000
resized441.png 253.000000 115.000000 24.000000 25.000000
resized442.png 252.000000 116.000000 25.000000 24.000000
resized443.png 251.000000 115.000000 27.000000 28.000000
resized444.png 252.000000 115.000000 26.000000 26.000000
resized445.png 252.000000 117.000000 28.000000 26.000000
resized446.png 252.000000 117.000000 26.000000 26.000000
resized447.png 253.000000 118.000000 26.000000 27.000000
resized448.png 252.000000 119.000000 26.000000 25.000000
resized449.png 252.000000 118.000000 27.000000 26.000000
resized45.png    
resized450.png 250.000000 118.000000 28.000000 27.000000
resized451.png 249.000000 120.000000 28.000000 25.000000
resized452.png 247.000000 120.000000 28.000000 26.000000
resized453.png 246.000000 121.000000 28.000000 26.000000
resized454.png 248.000000 121.000000 27.000000 27.000000
resized455.png 250.000000 120.000000 28.000000 28.000000
resized456.png 251.000000 119.000000 29.000000 29.000000
resized457.png 252.000000 120.000000 26.000000 28.000000
resized458.png 253.000000 121.000000 27.000000 28.000000
resized459.png 251.000000 121.000000 26.000000 26.000000
resized46.png    
resized460.png 250.000000 120.000000 27.000000 27.000000
resized461.png 250.000000 121.000000 29.000000 27.000000
resized462.png 252.000000 120.000000 26.000000 28.000000
resized463.png 251.000000 119.000000 27.000000 29.000000
resized464.png 249.000000 121.000000 32.000000 28.000000
resized465.png 252.000000 119.000000 30.000000 32.000000
resized466.png 254.000000 121.000000 28.000000 28.000000
resized467.png 253.000000 119.000000 30.000000 29.000000
resized468.png 254.000000 119.000000 31.000000 29.000000
resized469.png 251.000000 119.000000 32.000000 29.000000
resized47.png    
resized470.png 252.000000 119.000000 31.000000 29.000000
resized471.png 254.000000 119.000000 27.000000 29.000000
resized472.png 252.000000 119.000000 30.000000 32.000000
resized473.png 250.000000 118.000000 34.000000 29.000000
resized474.png 251.000000 119.000000 31.000000 30.000000
resized475.png 252.000000 119.000000 29.000000 29.000000
resized476.png 251.000000 118.000000 32.000000 31.000000
resized477.png 250.000000 118.000000 32.000000 31.000000
resized478.png 250.000000 118.000000 31.000000 32.000000
resized479.png 250.000000 117.000000 32.000000 33.000000
resized48.png    
resized480.png 249.000000 118.000000 31.000000 31.000000
resized481.png 247.000000 117.000000 35.000000 33.000000
resized482.png 250.000000 116.000000 33.000000 34.000000
resized483.png 250.000000 116.000000 33.000000 34.000000
resized484.png 249.000000 116.000000 36.000000 35.000000
resized485.png 249.000000 116.000000 36.000000 37.000000
resized486.png 249.000000 116.000000 35.000000 37.000000
resized487.png 250.000000 117.000000 35.000000 33.000000
resized488.png 250.000000 115.000000 36.000000 35.000000
resized489.png 252.000000 116.000000 35.000000 35.000000
resized49.png    
resized490.png 249.000000 116.000000 38.000000 35.000000
resized491.png 249.000000 116.000000 39.000000 37.000000
resized492.png 250.000000 117.000000 37.000000 35.000000
resized493.png 250.000000 115.000000 35.000000 36.000000
resized494.png 250.000000 118.000000 36.000000 34.000000
resized495.png 248.000000 117.000000 39.000000 33.000000
resized496.png 251.000000 116.000000 37.000000 37.000000
resized497.png 251.000000 117.000000 39.000000 36.000000
resized498.png 251.000000 117.000000 41.000000 37.000000
resized499.png 251.000000 117.000000 41.000000 38.000000
resized5.png    
resized50.png    
resized500.png 251.000000 117.000000 40.000000 37.000000
resized501.png 251.000000 118.000000 37.000000 39.000000
resized502.png 251.000000 118.000000 40.000000 40.000000
resized503.png 251.000000 117.000000 38.000000 41.000000
resized504.png 252.000000 116.000000 40.000000 40.000000
resized505.png 253.000000 116.000000 40.000000 41.000000
resized506.png 249.000000 118.000000 43.000000 39.000000
resized507.png 248.000000 115.000000 42.000000 43.000000
resized508.png 247.000000 116.000000 43.000000 41.000000
resized509.png 244.000000 115.000000 43.000000 40.000000
resized51.png    
resized510.png 245.000000 115.000000 43.000000 42.000000
resized511.png 245.000000 114.000000 43.000000 42.000000
resized512.png 246.000000 113.000000 44.000000 44.000000
resized513.png 245.000000 113.000000 45.000000 43.000000
resized514.png 246.000000 113.000000 47.000000 44.000000
resized515.png 248.000000 112.000000 42.000000 42.000000
resized516.png 245.000000 112.000000 46.000000 46.000000
resized517.png 246.000000 112.000000 48.000000 47.000000
resized518.png 244.000000 110.000000 50.000000 48.000000
resized519.png 245.000000 111.000000 47.000000 45.000000
resized52.png    
resized520.png 246.000000 110.000000 46.000000 46.000000
resized521.png 244.000000 110.000000 50.000000 47.000000
resized522.png 243.000000 111.000000 50.000000 46.000000
resized523.png 245.000000 110.000000 50.000000 49.000000
resized524.png 245.000000 109.000000 49.000000 49.000000
resized525.png 245.000000 109.000000 49.000000 49.000000
resized526.png 245.000000 109.000000 51.000000 50.000000
resized527.png 245.000000 109.000000 53.000000 52.000000
resized528.png 244.000000 108.000000 53.000000 52.000000
resized529.png 243.000000 109.000000 52.000000 49.000000
resized53.png    
resized530.png 243.000000 109.000000 55.000000 52.000000
resized531.png 242.000000 107.000000 56.000000 54.000000
resized532.png 243.000000 108.000000 55.000000 51.000000
resized533.png 245.000000 107.000000 54.000000 53.000000
resized534.png 244.000000 106.000000 57.000000 56.000000
resized535.png 240.000000 106.000000 61.000000 57.000000
resized536.png 240.000000 106.000000 57.000000 56.000000
resized537.png 237.000000 106.000000 61.000000 57.000000
resized538.png 238.000000 107.000000 59.000000 58.000000
resized539.png 235.000000 106.000000 62.000000 58.000000
resized54.png    
resized540.png 235.000000 105.000000 60.000000 59.000000
resized541.png 234.000000 105.000000 61.000000 60.000000
resized542.png 234.000000 105.000000 62.000000 60.000000
resized543.png 233.000000 104.000000 64.000000 62.000000
resized544.png 231.000000 105.000000 67.000000 62.000000
resized545.png 230.000000 104.000000 64.000000 66.000000
resized546.png 226.000000 104.000000 67.000000 64.000000
resized547.png 225.000000 105.000000 68.000000 65.000000
resized548.png 226.000000 105.000000 66.000000 67.000000
resized549.png 225.000000 104.000000 71.000000 67.000000
resized55.png    
resized550.png 228.000000 107.000000 68.000000 66.000000
resized551.png 228.000000 107.000000 70.000000 66.000000
resized552.png 226.000000 105.000000 74.000000 69.000000
resized553.png 227.000000 106.000000 72.000000 70.000000
resized554.png 224.000000 106.000000 73.000000 69.000000
resized555.png 224.000000 107.000000 75.000000 71.000000
resized556.png 224.000000 104.000000 75.000000 73.000000
resized557.png 225.000000 107.000000 76.000000 71.000000
resized558.png 224.000000 105.000000 78.000000 75.000000
resized559.png 224.000000 104.000000 78.000000 73.000000
resized56.png 344.000000 12.000000 20.000000 19.000000
resized560.png 225.000000 104.000000 80.000000 76.000000
resized561.png 226.000000 104.000000 80.000000 78.000000
resized562.png 226.000000 104.000000 79.000000 79.000000
resized563.png 226.000000 104.000000 82.000000 80.000000
resized564.png 224.000000 102.000000 83.000000 83.000000
resized565.png 220.000000 102.000000 90.000000 83.000000
resized566.png 222.000000 103.000000 88.000000 84.000000
resized567.png 220.000000 102.000000 91.000000 85.000000
resized568.png 219.000000 102.000000 92.000000 86.000000
resized569.png 222.000000 102.000000 90.000000 89.000000
resized57.png 352.000000 18.000000 20.000000 21.000000
resized570.png 222.000000 100.000000 93.000000 91.000000
resized571.png 223.000000 103.000000 93.000000 94.000000
resized572.png 224.000000 104.000000 97.000000 93.000000
resized573.png 223.000000 102.000000 96.000000 97.000000
resized574.png 222.000000 103.000000 99.000000 95.000000
resized575.png 221.000000 103.000000 101.000000 96.000000
resized576.png 225.000000 103.000000 102.000000 99.000000
resized577.png 225.000000 103.000000 102.000000 100.000000
resized578.png 224.000000 102.000000 107.000000 103.000000
resized579.png 224.000000 101.000000 111.000000 105.000000
resized58.png 358.000000 23.000000 21.000000 21.000000
resized580.png 226.000000 101.000000 110.000000 106.000000
resized581.png 227.000000 101.000000 109.000000 105.000000
resized582.png 229.000000 96.000000 115.000000 118.000000
resized583.png 223.000000 98.000000 124.000000 115.000000
resized584.png 222.000000 93.000000 123.000000 125.000000
resized585.png 221.000000 89.000000 130.000000 125.000000
resized586.png 216.000000 91.000000 135.000000 123.000000
resized587.png 209.000000 92.000000 138.000000 121.000000
resized588.png 209.000000 91.000000 138.000000 122.000000
resized589.png 206.000000 88.000000 143.000000 129.000000
resized59.png 364.000000 28.000000 24.000000 20.000000
resized590.png 195.000000 84.000000 153.000000 132.000000
resized591.png 192.000000 82.000000 159.000000 137.000000
resized592.png 193.000000 85.000000 159.000000 136.000000
resized593.png 189.000000 85.000000 162.000000 138.000000
resized594.png 187.000000 85.000000 165.000000 141.000000
resized595.png 191.000000 84.000000 161.000000 139.000000
resized596.png 188.000000 87.000000 162.000000 139.000000
resized597.png 181.000000 86.000000 163.000000 138.000000
resized598.png 188.000000 81.000000 153.000000 140.000000
resized599.png 183.000000 83.000000 158.000000 139.000000
resized6.png    
resized60.png 373.000000 33.000000 22.000000 23.000000
resized600.png 179.000000 69.000000 161.000000 153.000000
resized601.png 182.000000 67.000000 162.000000 153.000000
resized602.png 174.000000 66.000000 158.000000 150.000000
resized603.png 174.000000 66.000000 156.000000 154.000000
resized604.png 173.000000 65.000000 154.000000 153.000000
resized605.png 170.000000 64.000000 161.000000 153.000000
resized606.png 173.000000 64.000000 154.000000 154.000000
resized607.png 172.000000 62.000000 158.000000 155.000000
resized608.png 168.000000 62.000000 159.000000 153.000000
resized609.png 168.000000 64.000000 157.000000 149.000000
resized61.png 381.000000 40.000000 23.000000 21.000000
resized610.png 168.000000 60.000000 160.000000 155.000000
resized611.png 169.000000 63.000000 157.000000 151.000000
resized612.png 170.000000 64.000000 159.000000 149.000000
resized613.png 167.000000 61.000000 162.000000 152.000000
resized614.png 172.000000 63.000000 156.000000 153.000000
resized615.png 171.000000 64.000000 156.000000 154.000000
resized616.png 173.000000 65.000000 157.000000 150.000000
resized617.png 173.000000 64.000000 155.000000 154.000000
resized618.png 171.000000 66.000000 157.000000 153.000000
resized619.png 173.000000 63.000000 156.000000 155.000000
resized62.png 388.000000 46.000000 22.000000 19.000000
resized620.png 171.000000 65.000000 158.000000 154.000000
resized621.png 174.000000 65.000000 155.000000 152.000000
resized622.png 171.000000 67.000000 161.000000 150.000000
resized623.png 176.000000 68.000000 152.000000 151.000000
resized624.png 176.000000 68.000000 153.000000 152.000000
resized625.png 172.000000 67.000000 156.000000 152.000000
resized626.png 174.000000 69.000000 155.000000 151.000000
resized627.png 177.000000 72.000000 152.000000 144.000000
resized628.png 174.000000 72.000000 154.000000 147.000000
resized629.png 173.000000 72.000000 156.000000 148.000000
resized63.png 393.000000 52.000000 22.000000 19.000000
resized630.png 175.000000 73.000000 153.000000 149.000000
resized631.png 176.000000 76.000000 151.000000 149.000000
resized632.png 174.000000 77.000000 157.000000 149.000000
resized633.png 177.000000 79.000000 151.000000 147.000000
resized634.png 176.000000 77.000000 153.000000 148.000000
resized635.png 178.000000 78.000000 149.000000 146.000000
resized636.png 178.000000 77.000000 150.000000 148.000000
resized637.png 178.000000 77.000000 151.000000 145.000000
resized638.png 179.000000 78.000000 149.000000 145.000000
resized639.png 177.000000 75.000000 153.000000 148.000000
resized64.png 395.000000 57.000000 23.000000 21.000000
resized640.png 176.000000 77.000000 155.000000 147.000000
resized641.png 173.000000 77.000000 154.000000 145.000000
resized642.png 175.000000 74.000000 154.000000 149.000000
resized643.png 171.000000 74.000000 157.000000 149.000000
resized644.png 176.000000 75.000000 151.000000 147.000000
resized645.png 175.000000 74.000000 154.000000 145.000000
resized646.png 176.000000 73.000000 152.000000 149.000000
resized647.png 174.000000 73.000000 149.000000 145.000000
resized648.png 172.000000 71.000000 155.000000 146.000000
resized649.png 173.000000 72.000000 152.000000 148.000000
resized65.png 394.000000 64.000000 23.000000 20.000000
resized650.png 173.000000 72.000000 153.000000 145.000000
resized651.png 172.000000 71.000000 151.000000 146.000000
resized652.png 172.000000 70.000000 156.000000 148.000000
resized653.png 176.000000 70.000000 147.000000 146.000000
resized654.png 175.000000 69.000000 147.000000 146.000000
resized655.png 177.000000 69.000000 146.000000 145.000000
resized656.png 176.000000 65.000000 140.000000 146.000000
resized657.png 172.000000 70.000000 148.000000 141.000000
resized658.png 174.000000 66.000000 146.000000 148.000000
resized659.png 172.000000 69.000000 145.000000 143.000000
resized66.png 391.000000 67.000000 22.000000 21.000000
resized660.png 172.000000 67.000000 148.000000 145.000000
resized661.png 170.000000 66.000000 147.000000 142.000000
resized662.png 173.000000 65.000000 147.000000 148.000000
resized663.png 169.000000 63.000000 151.000000 148.000000
resized664.png 171.000000 63.000000 150.000000 147.000000
resized665.png 172.000000 64.000000 147.000000 146.000000
resized666.png 169.000000 64.000000 151.000000 148.000000
resized667.png 172.000000 63.000000 145.000000 146.000000
resized668.png 171.000000 65.000000 150.000000 144.000000
resized669.png 171.000000 63.000000 150.000000 146.000000
resized67.png 388.000000 74.000000 20.000000 19.000000
resized670.png 172.000000 65.000000 146.000000 143.000000
resized671.png 170.000000 63.000000 149.000000 143.000000
resized672.png 173.000000 62.000000 146.000000 144.000000
resized673.png 172.000000 63.000000 148.000000 144.000000
resized674.png 168.000000 61.000000 153.000000 146.000000
resized675.png 169.000000 62.000000 150.000000 146.000000
resized676.png 169.000000 61.000000 150.000000 146.000000
resized677.png 170.000000 62.000000 149.000000 144.000000
resized678.png 170.000000 64.000000 150.000000 142.000000
resized679.png 171.000000 62.000000 149.000000 145.000000
resized68.png 383.000000 77.000000 20.000000 21.000000
resized680.png 169.000000 63.000000 149.000000 146.000000
resized681.png 172.000000 62.000000 147.000000 143.000000
resized682.png 170.000000 61.000000 145.000000 143.000000
resized683.png 170.000000 62.000000 149.000000 144.000000
resized684.png 169.000000 61.000000 148.000000 143.000000
resized685.png 168.000000 62.000000 150.000000 142.000000
resized686.png 170.000000 60.000000 147.000000 143.000000
resized687.png 169.000000 61.000000 147.000000 144.000000
resized688.png 171.000000 62.000000 145.000000 143.000000
resized689.png 166.000000 62.000000 152.000000 144.000000
resized69.png 380.000000 83.000000 19.000000 20.000000
resized690.png 172.000000 61.000000 144.000000 143.000000
resized691.png 168.000000 63.000000 149.000000 139.000000
resized692.png 175.000000 62.000000 145.000000 144.000000
resized693.png 173.000000 60.000000 144.000000 142.000000
resized694.png 168.000000 60.000000 153.000000 144.000000
resized695.png 170.000000 62.000000 148.000000 142.000000
resized696.png 171.000000 62.000000 147.000000 142.000000
resized697.png 170.000000 60.000000 147.000000 138.000000
resized698.png 170.000000 59.000000 147.000000 146.000000
resized699.png 169.000000 63.000000 150.000000 139.000000
resized7.png    
resized70.png 378.000000 86.000000 22.000000 21.000000
resized700.png 169.000000 61.000000 147.000000 141.000000
resized701.png 172.000000 64.000000 146.000000 140.000000
resized702.png 174.000000 62.000000 141.000000 142.000000
resized703.png 171.000000 63.000000 147.000000 140.000000
resized704.png 173.000000 63.000000 142.000000 140.000000
resized705.png 174.000000 64.000000 142.000000 139.000000
resized706.png 176.000000 61.000000 143.000000 146.000000
resized707.png 174.000000 62.000000 146.000000 142.000000
resized708.png 175.000000 65.000000 144.000000 139.000000
resized709.png 173.000000 66.000000 142.000000 134.000000
resized71.png 380.000000 91.000000 22.000000 20.000000
resized710.png 177.000000 65.000000 144.000000 143.000000
resized711.png 175.000000 67.000000 143.000000 138.000000
resized712.png 177.000000 66.000000 145.000000 142.000000
resized713.png 178.000000 66.000000 143.000000 140.000000
resized714.png 178.000000 66.000000 146.000000 138.000000
resized715.png 175.000000 64.000000 145.000000 143.000000
resized716.png 180.000000 67.000000 141.000000 138.000000
resized717.png 177.000000 66.000000 144.000000 139.000000
resized718.png 179.000000 66.000000 142.000000 138.000000
resized719.png 182.000000 67.000000 141.000000 138.000000
resized72.png 384.000000 94.000000 21.000000 19.000000
resized720.png 180.000000 65.000000 142.000000 139.000000
resized721.png 185.000000 66.000000 138.000000 136.000000
resized722.png 179.000000 65.000000 147.000000 138.000000
resized723.png 181.000000 66.000000 141.000000 140.000000
resized724.png 182.000000 62.000000 141.000000 143.000000
resized725.png 181.000000 65.000000 141.000000 139.000000
resized726.png 179.000000 66.000000 143.000000 139.000000
resized727.png 181.000000 63.000000 144.000000 139.000000
resized728.png 178.000000 64.000000 149.000000 142.000000
resized729.png 182.000000 64.000000 135.000000 138.000000
resized73.png 388.000000 96.000000 23.000000 23.000000
resized730.png 180.000000 63.000000 141.000000 137.000000
resized731.png 182.000000 64.000000 137.000000 135.000000
resized732.png 178.000000 65.000000 143.000000 134.000000
resized733.png 180.000000 64.000000 143.000000 138.000000
resized734.png 181.000000 63.000000 139.000000 135.000000
resized735.png 180.000000 63.000000 144.000000 141.000000
resized736.png 181.000000 62.000000 141.000000 140.000000
resized737.png 182.000000 61.000000 141.000000 139.000000
resized738.png 178.000000 62.000000 144.000000 138.000000
resized739.png 181.000000 63.000000 142.000000 139.000000
resized74.png 389.000000 100.000000 24.000000 20.000000
resized740.png 180.000000 66.000000 142.000000 136.000000
resized741.png 179.000000 64.000000 142.000000 138.000000
resized742.png 180.000000 62.000000 141.000000 140.000000
resized743.png 181.000000 66.000000 142.000000 137.000000
resized744.png 176.000000 62.000000 144.000000 142.000000
resized745.png 182.000000 66.000000 142.000000 134.000000
resized746.png 183.000000 63.000000 137.000000 138.000000
resized747.png 180.000000 63.000000 140.000000 140.000000
resized748.png 179.000000 64.000000 139.000000 140.000000
resized749.png 181.000000 65.000000 139.000000 139.000000
resized75.png 388.000000 103.000000 23.000000 20.000000
resized750.png 181.000000 66.000000 138.000000 139.000000
resized751.png 181.000000 64.000000 138.000000 138.000000
resized752.png 179.000000 67.000000 140.000000 136.000000
resized753.png 177.000000 66.000000 142.000000 138.000000
resized754.png 178.000000 66.000000 139.000000 136.000000
resized755.png 176.000000 66.000000 143.000000 138.000000
resized756.png 178.000000 65.000000 141.000000 140.000000
resized757.png 178.000000 67.000000 139.000000 136.000000
resized758.png 178.000000 68.000000 140.000000 136.000000
resized759.png 180.000000 68.000000 135.000000 133.000000
resized76.png 386.000000 107.000000 22.000000 19.000000
resized760.png 180.000000 69.000000 136.000000 133.000000
resized761.png 181.000000 69.000000 137.000000 132.000000
resized762.png 181.000000 66.000000 138.000000 136.000000
resized763.png 179.000000 68.000000 140.000000 133.000000
resized764.png 182.000000 67.000000 137.000000 135.000000
resized765.png 183.000000 67.000000 137.000000 133.000000
resized766.png 181.000000 65.000000 139.000000 137.000000
resized767.png 180.000000 65.000000 140.000000 136.000000
resized768.png 181.000000 64.000000 138.000000 133.000000
resized769.png 180.000000 64.000000 139.000000 137.000000
resized77.png 380.000000 110.000000 24.000000 18.000000
resized770.png 181.000000 65.000000 139.000000 135.000000
resized771.png 183.000000 66.000000 138.000000 135.000000
resized772.png 180.000000 65.000000 140.000000 136.000000
resized773.png 180.000000 63.000000 140.000000 137.000000
resized774.png 182.000000 64.000000 139.000000 133.000000
resized775.png 183.000000 65.000000 137.000000 134.000000
resized776.png 182.000000 64.000000 138.000000 135.000000
resized777.png 181.000000 64.000000 140.000000 137.000000
resized778.png 182.000000 65.000000 138.000000 135.000000
resized779.png 183.000000 65.000000 136.000000 135.000000
resized78.png 379.000000 112.000000 21.000000 18.000000
resized780.png 182.000000 64.000000 137.000000 136.000000
resized781.png 182.000000 63.000000 138.000000 135.000000
resized782.png 182.000000 63.000000 139.000000 137.000000
resized783.png 182.000000 63.000000 136.000000 136.000000
resized784.png 181.000000 63.000000 138.000000 135.000000
resized785.png 182.000000 61.000000 138.000000 136.000000
resized786.png 182.000000 61.000000 137.000000 138.000000
resized787.png 178.000000 61.000000 140.000000 135.000000
resized788.png 179.000000 60.000000 137.000000 138.000000
resized789.png 180.000000 60.000000 136.000000 136.000000
resized79.png 377.000000 113.000000 22.000000 19.000000
resized790.png 180.000000 56.000000 138.000000 133.000000
resized791.png 180.000000 55.000000 138.000000 133.000000
resized792.png 183.000000 48.000000 136.000000 137.000000
resized793.png 181.000000 42.000000 137.000000 136.000000
resized794.png 185.000000 35.000000 134.000000 135.000000
resized795.png 183.000000 22.000000 135.000000 139.000000
resized796.png 187.000000 15.000000 134.000000 136.000000
resized797.png 190.000000 1.000000 137.000000 133.000000
resized798.png 192.000000 2.000000 139.000000 123.000000
resized799.png 189.000000 4.000000 145.000000 103.000000
resized8.png    
resized80.png 379.000000 116.000000 19.000000 18.000000
resized800.png 194.000000 6.000000 141.000000 85.000000
resized801.png 192.000000 4.000000 141.000000 68.000000
resized802.png 192.000000 5.000000 139.000000 47.000000
resized803.png 209.000000 4.000000 104.000000 27.000000
resized804.png    
resized805.png    
resized806.png    
resized807.png    
resized808.png    
resized809.png    
resized81.png 379.000000 116.000000 21.000000 19.000000
resized810.png    
resized811.png    
resized812.png    
resized813.png    
resized814.png    
resized815.png    
resized816.png    
resized817.png    
resized818.png    
resized819.png    
resized82.png 378.000000 118.000000 22.000000 20.000000
resized820.png    
resized821.png    
resized822.png    
resized823.png    
resized824.png    
resized825.png    
resized826.png    
resized827.png    
resized828.png    
resized829.png    
resized83.png 373.000000 119.000000 22.000000 20.000000
resized830.png    
resized831.png    
resized832.png    
resized833.png    
resized834.png    
resized835.png    
resized836.png    
resized837.png    
resized838.png    
resized839.png    
resized84.png 365.000000 120.000000 20.000000 20.000000
resized840.png    
resized841.png    
resized842.png    
resized843.png    
resized844.png    
resized845.png    
resized846.png    
resized847.png    
resized848.png    
resized849.png    
resized85.png 352.000000 121.000000 19.000000 19.000000
resized850.png    
resized851.png    
resized852.png    
resized853.png    
resized854.png    
resized855.png    
resized856.png    
resized857.png    
resized858.png    
resized859.png    
resized86.png 340.000000 122.000000 19.000000 18.000000
resized860.png    
resized861.png    
resized862.png    
resized863.png    
resized864.png    
resized865.png    
resized866.png    
resized867.png    
resized868.png    
resized869.png    
resized87.png 329.000000 123.000000 21.000000 19.000000
resized870.png    
resized871.png    
resized872.png    
resized873.png    
resized874.png    
resized875.png    
resized876.png    
resized877.png    
resized878.png    
resized879.png    
resized88.png 318.000000 124.000000 19.000000 18.000000
resized880.png    
resized881.png    
resized882.png    
resized883.png    
resized884.png    
resized885.png    
resized886.png    
resized887.png    
resized89.png 309.000000 124.000000 20.000000 18.000000  
resized9.png    
resized90.png 303.000000 125.000000 18.000000 18.000000
resized91.png 298.000000 124.000000 19.000000 19.000000
resized92.png 296.000000 124.000000 19.000000 20.000000
resized93.png 298.000000 124.000000 16.000000 19.000000
resized94.png 300.000000 123.000000 18.000000 20.000000
resized95.png 305.000000 126.000000 17.000000 16.000000
resized96.png 309.000000 124.000000 18.000000 18.000000
resized97.png 313.000000 125.000000 20.000000 18.000000
resized98.png 318.000000 124.000000 17.000000 19.000000
resized99.png 321.000000 124.000000 17.000000 18.000000
